CLIENT_JSON_RESPONSE_4K:
{
  "freq_p_value": 0.152918,
  "freq_significant": false,
  "bayes_prob_b_better": 0.529,
  "a_distribution": [
    0.0015036747011964952,
    0.0020006862962007547,
    0.0026187994650290446,
    0.0033752466779916755,
    0.004287603921909162,
    0.005373977564877598,
    0.006653473653225595,
    0.008146927985252888,
    0.009877815148405682,
    0.011873206099263341,
    0.01416462374632035,
    0.016788666327211137,
    0.019787330833212685,
    0.023208061559045094,
    0.02710364751040362,
    0.03153216477934328,
    0.036557175335375565,
    0.042248332854212554,
    0.04868241011828065,
    0.055944575375103646,
    0.06412955059804948,
    0.07334213575702617,
    0.08369652757899758,
    0.09531392714058343,
    0.10831811793076099,
    0.12282897552435645,
    0.1389541911104506,
    0.156779795663007,
    0.17636030891905993,
    0.19770947574458378,
    0.22079258275812927,
    0.24552127955501618,
    0.2717516797540769,
    0.29928630426436337,
    0.32788016202367776,
    0.35725094458974993,
    0.3870929434175132,
    0.4170938962534409,
    0.4469535647129344,
    0.4764024924039938,
    0.5052191591001916,
    0.5332436973720068,
    0.5603865201981345,
    0.5866306324267471,
    0.6120270326963405,
    0.6366833807016644,
    0.6607469025560893,
    0.6843832182915355,
    0.7077532939526352,
    0.7309909683507521,
    0.7541834441284858,
    0.7773567724214955,
    0.8004677505125048,
    0.8234028762959776,
    0.8459841665738735,
    0.8679808586486761,
    0.8891253781913177,
    0.9091315509659021,
    0.9277129096357781,
    0.9445991092279591,
    0.9595488860999843,
    0.9723586102941222,
    0.9828661984322795,
    0.9909508683298773,
    0.9965298221287517,
    0.9995533512486884,
    1.0,
    0.9978732779344279,
    0.9932009889496988,
    0.9860376064907562,
    0.9764693670757338,
    0.9646210058989169,
    0.9506624572505703,
    0.9348135168213747,
    0.9173445042908576,
    0.8985714052921115,
    0.8788447698350774,
    0.8585326813159149,
    0.8379992067406802,
    0.8175806847055643,
    0.7975628046554002,
    0.7781615369605157,
    0.7595105390245042,
    0.7416567491310478,
    0.7245646518322477,
    0.7081283924657562,
    0.6921897899414975,
    0.6765595639448837,
    0.6610388837644192,
    0.6454386710567738,
    0.629594839247589,
    0.613378630026715,
    0.5967021769979309,
    0.5795201742751941,
    0.5618289131690773,
    0.5436639356567483,
    0.5250972061630893,
    0.5062341690631763,
    0.48721051824438383,
    0.46818812134780896,
    0.4493494217542074,
    0.4308898118789197,
    0.413007876307503,
    0.3958939261322901,
    0.3797177433461942,
    0.3646167951051008,
    0.35068627561128074,
    0.3379721657899159,
    0.32646811112049945,
    0.3161164000392152,
    0.306812796960045,
    0.2984145546440149,
    0.2907506736406246,
    0.2836334122750117,
    0.27687014592661,
    0.27027485714617017,
    0.26367872383412505,
    0.256939393189009,
    0.24994855610936875,
    0.2426373910610868,
    0.23497939039112548,
    0.22699009642783688,
    0.21872342766754502,
    0.2102645937502937,
    0.20172005062997578,
    0.19320544726991434,
    0.1848329406151065,
    0.1766994847600417,
    0.1688776487990256,
    0.16141016712833978,
    0.15430883270341292,
    0.1475576277797953,
    0.1411192999880316,
    0.1349440782192756,
    0.12897898159299592,
    0.12317623629143838,
    0.11749963852922873,
    0.11192819207551208,
    0.10645688559886009,
    0.10109494697162745,
    0.09586224102928728,
    0.09078463300022074,
    0.08588913432398335,
    0.08119952264488958,
    0.07673293581764355,
    0.07249772762184768,
    0.06849267280711982,
    0.06470743802375921,
    0.06112409989174338,
    0.05771939524738434,
    0.05446733579228694,
    0.051341815311179616,
    0.048318884995568356,
    0.04537846623306876,
    0.04250539486190279,
    0.03968982122813266,
    0.03692709746759088,
    0.034217342813258424,
    0.03156487739498747,
    0.028977659860698293,
    0.026466775168380724,
    0.024045926964365645,
    0.021730825442036805,
    0.0195383486242141,
    0.017485398768184772,
    0.015587464334501607,
    0.013857005707068272,
    0.01230187713340573,
    0.010924048710361777,
    0.009718882601430624,
    0.008675145274391848,
    0.007775817184578998,
    0.006999620109412971,
    0.006323052377023125,
    0.005722632395286401,
    0.0051770198504400376,
    0.0046687162310218395,
    0.004185132145246133,
    0.0037189274498636033,
    0.0032676554053983954,
    0.002832848923300988,
    0.002418757037416049,
    0.0020309644176433857,
    0.0016751078687182697,
    0.0013558516563569423,
    0.0010762134585345833,
    0.000837260872648477,
    0.0006381381091336753,
    0.0004763421485304077,
    0.0003481499092152377,
    0.0002491005683697083,
    0.00017445448586712116,
    0.00011957525700470572,
    8.020775889270183e-05,
    5.2647778784430064e-05,
    3.381517288085484e-05,
    2.1251779350438487e-05,
    1.3068300664944807e-05,
    7.862740438782748e-06,
    4.628633606697806e-06,
    2.665940228076017e-06,
    1.5023208787229046e-06,
    8.282979733744587e-07,
    4.4680675937267847e-07,
    2.3580896146780394e-07,
    1.2176064253999062e-07,
    6.151181684520761e-08,
    3.0402854905765825e-08,
    1.4701909581474992e-08,
    6.955625981133452e-09,
    3.219596323817979e-09,
    1.4580387725257374e-09,
    6.46009577277135e-10,
    2.8003409322355695e-10,
    1.1876399602972387e-10,
    4.927884712428717e-11,
    2.0004976474998517e-11,
    7.945427370879266e-12,
    3.0874372946502418e-12,
    1.1737636670378954e-12,
    4.365809528973106e-13,
    1.5887314490656993e-13,
    5.656369485763316e-14,
    1.9702739120956803e-14,
    6.7145512346455025e-15,
    2.2387671130484922e-15,
    7.303018170818103e-16,
    2.330759030694491e-16,
    7.277695797671131e-17,
    2.2232686657899716e-17,
    6.644946977247073e-18,
    1.94308865008362e-18,
    5.55898153354458e-19,
    1.5559633675014925e-19,
    4.2609361306907434e-20,
    1.1415953728816893e-20,
    2.99240859813264e-21,
    7.674164537029227e-22,
    1.9254969585766546e-22,
    4.726678739969471e-23,
    1.1351959987216609e-23,
    2.6673937887581183e-24,
    6.1320394045555335e-25,
    1.3791904963551754e-25,
    3.0349049376561575e-26,
    6.53382421249894e-27,
    1.3762309391151281e-27,
    2.8360684294922828e-28,
    5.717992891808718e-29,
    1.127903733302319e-29,
    2.176717026880898e-30,
    4.109920602288951e-31,
    7.592178440586423e-32,
    1.3721478168068958e-32,
    2.4262575973872914e-33,
    4.197342752876878e-34,
    7.104172182157361e-35,
    1.176397356448607e-35,
    1.9058824821545937e-36,
    3.0209234045456008e-37,
    4.6847328148894343e-38,
    7.107738753693713e-39,
    1.0550659423821218e-39,
    1.532248725539842e-40,
    2.1771103910650713e-41,
    3.026447535861622e-42,
    4.116113730496412e-43,
    5.477004523634473e-44,
    7.1301776485608e-45,
    9.081532019459068e-46,
    1.131668959518954e-46,
    1.3796890146254337e-47,
    1.645676722168049e-48,
    1.9204781181467857e-49,
    2.192682333403377e-50,
    2.4493090602547924e-51,
    2.6767818431532385e-52,
    2.862093937750567e-53,
    2.994031098949931e-54,
    3.06429270680696e-55,
    3.068355709738121e-56,
    3.0059564222495754e-57,
    2.8811188408823544e-58,
    2.7017252519308757e-59,
    2.4786928196469726e-60,
    2.2248756997660157e-61,
    1.953845926886574e-62,
    1.6787127629933625e-63,
    1.4111201325273546e-64,
    1.1605212602316345e-65,
    9.337782009875265e-67,
    7.3508215278758206e-68,
    5.661474339428726e-69,
    4.266038053987787e-70,
    3.1450056086941293e-71,
    2.26840001082872e-72,
    1.6007347547313998e-73,
    1.1051484660420053e-74,
    7.464889670849898e-76,
    4.933188139895934e-77
  ],
  "b_distribution": [
    0.00035147798895112894,
    0.0005212647211586777,
    0.0007609289169335236,
    0.001093685158470465,
    0.0015482474134092363,
    0.002159362377393388,
    0.0029681439211285154,
    0.004022127565653713,
    0.005374971120011318,
    0.007085747651651881,
    0.009217811355144857,
    0.011837264972256619,
    0.01501111546289474,
    0.018805265370962693,
    0.023282540267651163,
    0.02850098531413948,
    0.034512664205696555,
    0.041363152672144854,
    0.0490918337846323,
    0.05773297962909826,
    0.0673174588108123,
    0.07787476498012967,
    0.08943494571833446,
    0.10202995067883486,
    0.11569393375783293,
    0.13046214636458614,
    0.14636824376872762,
    0.163440075430938,
    0.18169431116294268,
    0.20113052582529484,
    0.22172557887399616,
    0.2434292354931211,
    0.2661619461431809,
    0.28981551082429385,
    0.31425700737157697,
    0.33933589350681276,
    0.3648936641659593,
    0.39077494675117785,
    0.4168385457216725,
    0.44296679355729757,
    0.4690716862944893,
    0.4950966887419137,
    0.5210137398611814,
    0.5468157716573726,
    0.5725058374910449,
    0.5980845802731445,
    0.623538130391404,
    0.6488285277681898,
    0.6738883969380205,
    0.698620921222994,
    0.7229052728429551,
    0.7466067087911213,
    0.7695896980703367,
    0.7917318502632469,
    0.8129361764594367,
    0.8331393846483558,
    0.8523144823039976,
    0.8704668540218163,
    0.8876240704681123,
    0.903820796075127,
    0.9190811116659596,
    0.9334011840028567,
    0.9467353712109511,
    0.9589884949379442,
    0.9700161654278526,
    0.9796338283959339,
    0.9876337976485854,
    0.9938081724986374,
    0.9979744472753237,
    1.0,
    0.9998216263655273,
    0.9974568952601073,
    0.9930052686470123,
    0.9866384781062673,
    0.9785813351134911,
    0.9690856900084339,
    0.9584013776080217,
    0.9467484915211833,
    0.9342951156737492,
    0.9211437404349321,
    0.9073281599701994,
    0.8928209451677708,
    0.8775499209467563,
    0.8614207438599276,
    0.8443418985678661,
    0.8262483156449073,
    0.8071203296988655,
    0.786995697270574,
    0.7659736504765826,
    0.7442112235691468,
    0.7219131367398224,
    0.6993172100402406,
    0.6766775584492005,
    0.6542477216665377,
    0.6322655052041513,
    0.6109407757754185,
    0.5904468814850603,
    0.5709158459470225,
    0.5524370689248388,
    0.5350589748239446,
    0.5187928814603722,
    0.5036182999380078,
    0.4894889032363436,
    0.47633849710396703,
    0.46408647286042715,
    0.45264239723739447,
    0.4419095773160399,
    0.4317876067876486,
    0.42217403421051203,
    0.4129653823891782,
    0.40405778717793406,
    0.39534751965157755,
    0.3867316201257478,
    0.37810882104570037,
    0.36938088155301985,
    0.36045440731085326,
    0.3512431853315196,
    0.34167101894049967,
    0.3316749931402311,
    0.3212090277335484,
    0.310247483958449,
    0.2987884903395424,
    0.2868565666468511,
    0.27450408038567536,
    0.26181109666305563,
    0.24888329747081842,
    0.2358478487199468,
    0.2228473572841212,
    0.21003233938298535,
    0.19755285838770165,
    0.18555013094812337,
    0.1741489107585272,
    0.163451334767039,
    0.15353268508208698,
    0.14443923454032237,
    0.13618806901385744,
    0.1287685723224185,
    0.12214515512992921,
    0.11626081193760426,
    0.11104117516938788,
    0.10639885739654786,
    0.10223798200230745,
    0.09845885953529371,
    0.09496275388047891,
    0.09165660725585918,
    0.08845748599426288,
    0.08529641210509095,
    0.08212119969776388,
    0.0788979483441771,
    0.07561096420228149,
    0.07226106810877175,
    0.06886247293392098,
    0.06543862518857392,
    0.06201756374969171,
    0.058627418040084166,
    0.05529263359772274,
    0.05203138031480659,
    0.04885439270991437,
    0.04576525113467889,
    0.04276188207585499,
    0.039838875631530525,
    0.03699011863542665,
    0.03421123622801021,
    0.031501418181706174,
    0.028864357810832377,
    0.026308218130001147,
    0.02384472475971701,
    0.02148763354600112,
    0.01925090814925106,
    0.017146958071395116,
    0.015185235017362261,
    0.013371382600157947,
    0.01170700716469181,
    0.01019001416592493,
    0.008815359361606191,
    0.007576012531976134,
    0.006463927783614999,
    0.005470852214586446,
    0.004588869368963366,
    0.003810647465855809,
    0.003129427844658044,
    0.0025388341248605032,
    0.002032601638992411,
    0.0016043209367416023,
    0.001247264969444067,
    0.0009543360530619773,
    0.0007181350474146533,
    0.0005311285172712139,
    0.00038587390773024656,
    0.000275258607298703,
    0.0001927141899966121,
    0.00013237861827507168,
    8.919291713162758e-05,
    5.893156055118374e-05,
    3.8175432383868265e-05,
    2.4241862180519105e-05,
    1.5088060672743705e-05,
    9.203133390444128e-06,
    5.500860494933442e-06,
    3.2216837335442362e-06,
    1.8486857336941731e-06,
    1.0393135432919558e-06,
    5.724174059683136e-07,
    3.08847879443198e-07,
    1.6324036892403254e-07,
    8.451807616230389e-08,
    4.286478199325701e-08,
    2.1294729787767467e-08,
    1.0362320532781816e-08,
    4.9391168051513885e-09,
    2.3059183311177353e-09,
    1.054475895107662e-09,
    4.723065060383172e-10,
    2.0720618948269472e-10,
    8.903699669784249e-11,
    3.747357404336656e-11,
    1.544773285110534e-11,
    6.237174160830473e-12,
    2.466568493458907e-12,
    9.553875486903585e-13,
    3.624483532885181e-13,
    1.3467657155171779e-13,
    4.9013607692697194e-14,
    1.7471066520243254e-14,
    6.099578292070272e-15,
    2.0857268832065553e-15,
    6.985410858402337e-16,
    2.2914113613951313e-16,
    7.361910075660195e-17,
    2.3166161473591974e-17,
    7.139924050601711e-18,
    2.1553057706710276e-18,
    6.372353291642211e-19,
    1.8452972781012493e-19,
    5.2336934581643316e-20,
    1.4538700378632344e-20,
    3.955652975762872e-21,
    1.0541102020438701e-21,
    2.7512435152135293e-22,
    7.03310639029573e-23,
    1.7609233206768598e-23,
    4.318259869200966e-24,
    1.0371752572181809e-24,
    2.439891659337697e-25,
    5.621651752590904e-26,
    1.2686222369025091e-26,
    2.8039849027747122e-27,
    6.070073928460106e-28,
    1.2870257544315367e-28,
    2.6727321230254466e-29,
    5.436239229319016e-30,
    1.0829704623046306e-30,
    2.113049066228548e-31,
    4.038103685639613e-32,
    7.558232729469492e-33,
    1.3856002761074515e-33,
    2.4878865119262807e-34,
    4.375201617411075e-35,
    7.535992803032344e-36,
    1.2713284799623647e-36,
    2.1006319774938015e-37,
    3.399515789390828e-38,
    5.3883903000578794e-39,
    8.365192134967367e-40,
    1.2719431071433436e-40,
    1.894237116067575e-41,
    2.7629682058895366e-42,
    3.947228990375474e-43,
    5.523109388614495e-44,
    7.569197824688577e-45,
    1.0159935592354964e-45,
    1.3356938958510145e-46,
    1.7198786880997983e-47,
    2.1690200958538057e-48,
    2.6791943792758346e-49,
    3.241303945183369e-50,
    3.8406981729788354e-51,
    4.457337162696683e-52,
    5.066589050013329e-53,
    5.640670879596112e-54,
    6.1506459266466285e-55,
    6.568793046006843e-56,
    6.871084952106624e-57,
    7.039469682313361e-58,
    7.063654580407759e-59,
    6.942147717212834e-60,
    6.682410230556572e-61,
    6.300097955746051e-62,
    5.817499528068726e-63,
    5.2613876049385135e-64,
    4.660570950029548e-65,
    4.043457067324791e-66,
    3.435907270918684e-67,
    2.8595975651193e-68,
    2.3310054482066593e-69,
    1.861043585636155e-70,
    1.4552737179226606e-71,
    1.1145709349728123e-72,
    8.360757497842376e-74,
    6.142687561893245e-75
  ],
  "x_values": [
    0.0,
    0.0033444816053511705,
    0.006688963210702341,
    0.010033444816053512,
    0.013377926421404682,
    0.016722408026755852,
    0.020066889632107024,
    0.023411371237458192,
    0.026755852842809364,
    0.030100334448160536,
    0.033444816053511704,
    0.03678929765886287,
    0.04013377926421405,
    0.043478260869565216,
    0.046822742474916385,
    0.05016722408026756,
    0.05351170568561873,
    0.056856187290969896,
    0.06020066889632107,
    0.06354515050167224,
    0.06688963210702341,
    0.07023411371237458,
    0.07357859531772575,
    0.07692307692307693,
    0.0802675585284281,
    0.08361204013377926,
    0.08695652173913043,
    0.0903010033444816,
    0.09364548494983277,
    0.09698996655518395,
    0.10033444816053512,
    0.10367892976588629,
    0.10702341137123746,
    0.11036789297658862,
    0.11371237458193979,
    0.11705685618729096,
    0.12040133779264214,
    0.12374581939799331,
    0.12709030100334448,
    0.13043478260869565,
    0.13377926421404682,
    0.13712374581939799,
    0.14046822742474915,
    0.14381270903010032,
    0.1471571906354515,
    0.1505016722408027,
    0.15384615384615385,
    0.15719063545150502,
    0.1605351170568562,
    0.16387959866220736,
    0.16722408026755853,
    0.1705685618729097,
    0.17391304347826086,
    0.17725752508361203,
    0.1806020066889632,
    0.18394648829431437,
    0.18729096989966554,
    0.1906354515050167,
    0.1939799331103679,
    0.19732441471571907,
    0.20066889632107024,
    0.2040133779264214,
    0.20735785953177258,
    0.21070234113712374,
    0.2140468227424749,
    0.21739130434782608,
    0.22073578595317725,
    0.22408026755852842,
    0.22742474916387959,
    0.23076923076923075,
    0.23411371237458192,
    0.23745819397993312,
    0.2408026755852843,
    0.24414715719063546,
    0.24749163879598662,
    0.2508361204013378,
    0.25418060200668896,
    0.25752508361204013,
    0.2608695652173913,
    0.26421404682274247,
    0.26755852842809363,
    0.2709030100334448,
    0.27424749163879597,
    0.27759197324414714,
    0.2809364548494983,
    0.2842809364548495,
    0.28762541806020064,
    0.2909698996655518,
    0.294314381270903,
    0.29765886287625415,
    0.3010033444816054,
    0.30434782608695654,
    0.3076923076923077,
    0.3110367892976589,
    0.31438127090301005,
    0.3177257525083612,
    0.3210702341137124,
    0.32441471571906355,
    0.3277591973244147,
    0.3311036789297659,
    0.33444816053511706,
    0.3377926421404682,
    0.3411371237458194,
    0.34448160535117056,
    0.34782608695652173,
    0.3511705685618729,
    0.35451505016722407,
    0.35785953177257523,
    0.3612040133779264,
    0.36454849498327757,
    0.36789297658862874,
    0.3712374581939799,
    0.3745819397993311,
    0.37792642140468224,
    0.3812709030100334,
    0.3846153846153846,
    0.3879598662207358,
    0.391304347826087,
    0.39464882943143814,
    0.3979933110367893,
    0.4013377926421405,
    0.40468227424749165,
    0.4080267558528428,
    0.411371237458194,
    0.41471571906354515,
    0.4180602006688963,
    0.4214046822742475,
    0.42474916387959866,
    0.4280936454849498,
    0.431438127090301,
    0.43478260869565216,
    0.43812709030100333,
    0.4414715719063545,
    0.44481605351170567,
    0.44816053511705684,
    0.451505016722408,
    0.45484949832775917,
    0.45819397993311034,
    0.4615384615384615,
    0.4648829431438127,
    0.46822742474916385,
    0.47157190635451507,
    0.47491638795986624,
    0.4782608695652174,
    0.4816053511705686,
    0.48494983277591974,
    0.4882943143812709,
    0.4916387959866221,
    0.49498327759197325,
    0.4983277591973244,
    0.5016722408026756,
    0.5050167224080268,
    0.5083612040133779,
    0.5117056856187291,
    0.5150501672240803,
    0.5183946488294314,
    0.5217391304347826,
    0.5250836120401338,
    0.5284280936454849,
    0.5317725752508361,
    0.5351170568561873,
    0.5384615384615384,
    0.5418060200668896,
    0.5451505016722408,
    0.5484949832775919,
    0.5518394648829431,
    0.5551839464882943,
    0.5585284280936454,
    0.5618729096989966,
    0.5652173913043478,
    0.568561872909699,
    0.5719063545150501,
    0.5752508361204013,
    0.5785953177257525,
    0.5819397993311036,
    0.5852842809364548,
    0.588628762541806,
    0.5919732441471571,
    0.5953177257525083,
    0.5986622073578595,
    0.6020066889632107,
    0.6053511705685619,
    0.6086956521739131,
    0.6120401337792643,
    0.6153846153846154,
    0.6187290969899666,
    0.6220735785953178,
    0.6254180602006689,
    0.6287625418060201,
    0.6321070234113713,
    0.6354515050167224,
    0.6387959866220736,
    0.6421404682274248,
    0.6454849498327759,
    0.6488294314381271,
    0.6521739130434783,
    0.6555183946488294,
    0.6588628762541806,
    0.6622073578595318,
    0.6655518394648829,
    0.6688963210702341,
    0.6722408026755853,
    0.6755852842809364,
    0.6789297658862876,
    0.6822742474916388,
    0.68561872909699,
    0.6889632107023411,
    0.6923076923076923,
    0.6956521739130435,
    0.6989966555183946,
    0.7023411371237458,
    0.705685618729097,
    0.7090301003344481,
    0.7123745819397993,
    0.7157190635451505,
    0.7190635451505016,
    0.7224080267558528,
    0.725752508361204,
    0.7290969899665551,
    0.7324414715719063,
    0.7357859531772575,
    0.7391304347826086,
    0.7424749163879598,
    0.745819397993311,
    0.7491638795986622,
    0.7525083612040133,
    0.7558528428093645,
    0.7591973244147157,
    0.7625418060200668,
    0.765886287625418,
    0.7692307692307692,
    0.7725752508361204,
    0.7759197324414716,
    0.7792642140468228,
    0.782608695652174,
    0.7859531772575251,
    0.7892976588628763,
    0.7926421404682275,
    0.7959866220735786,
    0.7993311036789298,
    0.802675585284281,
    0.8060200668896321,
    0.8093645484949833,
    0.8127090301003345,
    0.8160535117056856,
    0.8193979933110368,
    0.822742474916388,
    0.8260869565217391,
    0.8294314381270903,
    0.8327759197324415,
    0.8361204013377926,
    0.8394648829431438,
    0.842809364548495,
    0.8461538461538461,
    0.8494983277591973,
    0.8528428093645485,
    0.8561872909698997,
    0.8595317725752508,
    0.862876254180602,
    0.8662207357859532,
    0.8695652173913043,
    0.8729096989966555,
    0.8762541806020067,
    0.8795986622073578,
    0.882943143812709,
    0.8862876254180602,
    0.8896321070234113,
    0.8929765886287625,
    0.8963210702341137,
    0.8996655518394648,
    0.903010033444816,
    0.9063545150501672,
    0.9096989966555183,
    0.9130434782608695,
    0.9163879598662207,
    0.9197324414715718,
    0.923076923076923,
    0.9264214046822742,
    0.9297658862876254,
    0.9331103678929765,
    0.9364548494983277,
    0.9397993311036789,
    0.9431438127090301,
    0.9464882943143813,
    0.9498327759197325,
    0.9531772575250836,
    0.9565217391304348,
    0.959866220735786,
    0.9632107023411371,
    0.9665551839464883,
    0.9698996655518395,
    0.9732441471571907,
    0.9765886287625418,
    0.979933110367893,
    0.9832775919732442,
    0.9866220735785953,
    0.9899665551839465,
    0.9933110367892977,
    0.9966555183946488,
    1.0
  ],
  "a_mean": 0.249698,
  "b_mean": 0.259119,
  "a_prob_best": 0.471,
  "b_prob_best": 0.529,
  "a_expected_loss": 0.169101,
  "b_expected_loss": 0.144362,
  "diff_x": [
    -0.42310785977494736,
    -0.41479772575959184,
    -0.4064875917442363,
    -0.39817745772888075,
    -0.3898673237135252,
    -0.3815571896981697,
    -0.3732470556828142,
    -0.36493692166745867,
    -0.3566267876521031,
    -0.3483166536367476,
    -0.34000651962139206,
    -0.33169638560603654,
    -0.323386251590681,
    -0.3150761175753255,
    -0.30676598355997,
    -0.2984558495446144,
    -0.2901457155292589,
    -0.28183558151390337,
    -0.2735254474985478,
    -0.26521531348319227,
    -0.25690517946783675,
    -0.24859504545248123,
    -0.24028491143712571,
    -0.23197477742177017,
    -0.22366464340641465,
    -0.21535450939105913,
    -0.20704437537570358,
    -0.19873424136034806,
    -0.19042410734499254,
    -0.182113973329637,
    -0.17380383931428148,
    -0.16549370529892593,
    -0.1571835712835704,
    -0.1488734372682149,
    -0.14056330325285937,
    -0.1322531692375038,
    -0.12394303522214828,
    -0.11563290120679276,
    -0.10732276719143724,
    -0.09901263317608172,
    -0.09070249916072615,
    -0.08239236514537063,
    -0.07408223113001511,
    -0.06577209711465959,
    -0.05746196309930407,
    -0.04915182908394855,
    -0.040841695068592976,
    -0.03253156105323746,
    -0.024221427037881937,
    -0.015911293022526418,
    -0.007601159007170899,
    0.0007089750081846757,
    0.009019109023540195,
    0.017329243038895714,
    0.025639377054251233,
    0.03394951106960675,
    0.04225964508496227,
    0.050569779100317847,
    0.058879913115673366,
    0.06719004713102888,
    0.0755001811463844,
    0.08381031516173998,
    0.0921204491770955,
    0.10043058319245102,
    0.10874071720780654,
    0.11705085122316206,
    0.12536098523851757,
    0.1336711192538731,
    0.1419812532692286,
    0.15029138728458413,
    0.15860152129993976,
    0.16691165531529528,
    0.1752217893306508,
    0.18353192334600632,
    0.19184205736136184,
    0.20015219137671736,
    0.20846232539207288,
    0.2167724594074284,
    0.22508259342278392,
    0.23339272743813944,
    0.24170286145349507,
    0.2500129954688506,
    0.2583231294842061,
    0.2666332634995616,
    0.27494339751491714,
    0.28325353153027266,
    0.2915636655456282,
    0.2998737995609837,
    0.3081839335763392,
    0.31649406759169474,
    0.32480420160705026,
    0.3331143356224059,
    0.3414244696377614,
    0.3497346036531169,
    0.35804473766847245,
    0.36635487168382797,
    0.3746650056991835,
    0.382975139714539,
    0.3912852737298945,
    0.39959540774525015
  ],
  "diff_distribution": [
    0.005405419464140798,
    0.006180508679145085,
    0.007115046003882324,
    0.008343833048692928,
    0.010000498904804235,
    0.012189698403098472,
    0.014970507708699777,
    0.018353875705425814,
    0.022310458428050805,
    0.026783452689575205,
    0.03170502635590077,
    0.03702076759280268,
    0.04272829869131136,
    0.048930017989730165,
    0.05588707838792903,
    0.06404836284357025,
    0.07402288105715668,
    0.08647373768888252,
    0.10193832499392619,
    0.12061608641688715,
    0.14219708077384643,
    0.16581312032203283,
    0.1901660205325337,
    0.2138278309178503,
    0.23563761952779505,
    0.25507019421763166,
    0.2724492993605655,
    0.28892560187981914,
    0.30621865833689865,
    0.32619947381729913,
    0.35043741663207006,
    0.3798390514160229,
    0.4144710347464143,
    0.45359986684411474,
    0.4959173853690821,
    0.5398712107701988,
    0.5839982751988388,
    0.6271722646893593,
    0.6687148714482171,
    0.7083687220445569,
    0.7461682080939673,
    0.7822631948925937,
    0.816750799355089,
    0.8495586144436169,
    0.8804036249584648,
    0.9088264644542078,
    0.9342749576806947,
    0.9561948137253448,
    0.9740908321817288,
    0.9875500447780201,
    0.9962515929602388,
    1.0,
    0.9987942618950725,
    0.9928996394673362,
    0.98285987236575,
    0.9694054896688185,
    0.9532734396770182,
    0.9350122642726905,
    0.9148598911841531,
    0.8927378075677668,
    0.8683406593734719,
    0.8412634518954094,
    0.8111209286900593,
    0.7776528796029042,
    0.7408320826392276,
    0.7009748004277895,
    0.6588136308340276,
    0.6154700079139159,
    0.5722884737762934,
    0.5305598933610449,
    0.4912263969331656,
    0.4546836789552459,
    0.42075994978869435,
    0.38887599535682926,
    0.358319280933635,
    0.32853131157553755,
    0.2993188579114398,
    0.27093812951054247,
    0.24404166830759866,
    0.21950723816726445,
    0.19818820232018686,
    0.18064255203117935,
    0.16691205488714203,
    0.1564233154936226,
    0.1480578363828037,
    0.14038885832088402,
    0.13202481675511155,
    0.12195714307351865,
    0.10980374147174374,
    0.09587334000427428,
    0.08103683921784964,
    0.06645531375376688,
    0.053256299866836734,
    0.04225701224713437,
    0.03380690068456916,
    0.027776303466404705,
    0.023671103548056165,
    0.0208202208343067,
    0.01857101266782261,
    0.016436961712996405
  ],
  "a_hist": [
    0.0,
    0.0,
    0.0,
    0.0,
    0.0,
    0.0,
    0.0,
    0.0,
    0.0,
    0.0,
    0.0,
    0.29999999999999993,
    0.0,
    0.29999999999999993,
    0.0,
    0.0,
    0.0,
    0.0,
    0.0,
    0.30000000000000054,
    0.0,
    0.6000000000000011,
    0.8999999999999979,
    0.0,
    0.5999999999999986,
    0.30000000000000054,
    0.5999999999999986,
    0.0,
    0.5999999999999986,
    0.0,
    1.1999999999999973,
    1.5000000000000027,
    1.8000000000000034,
    1.4999999999999967,
    0.30000000000000054,
    1.1999999999999973,
    1.5000000000000027,
    2.9999999999999933,
    3.6000000000000068,
    1.5000000000000027,
    2.0999999999999863,
    3.6000000000000068,
    3.0000000000000053,
    3.0000000000000053,
    4.499999999999971,
    1.5000000000000027,
    3.6000000000000068,
    3.0000000000000053,
    3.0000000000000053,
    4.799999999999969,
    2.4000000000000044,
    3.0000000000000053,
    4.500000000000008,
    5.399999999999966,
    0.9000000000000017,
    6.300000000000012,
    3.3000000000000065,
    5.099999999999968,
    5.40000000000001,
    6.000000000000011,
    3.9000000000000075,
    3.899999999999975,
    5.700000000000011,
    4.800000000000009,
    6.300000000000012,
    4.800000000000009,
    3.599999999999977,
    5.10000000000001,
    6.000000000000011,
    4.200000000000008,
    3.599999999999977,
    7.500000000000014,
    3.0000000000000053,
    6.600000000000013,
    3.3000000000000065,
    4.799999999999969,
    4.799999999999969,
    5.700000000000058,
    1.7999999999999885,
    3.90000000000004,
    3.2999999999999785,
    2.999999999999981,
    3.0000000000000306,
    2.699999999999983,
    5.100000000000052,
    1.7999999999999885,
    4.199999999999973,
    3.0000000000000306,
    4.199999999999973,
    4.499999999999971,
    1.2000000000000122,
    2.699999999999983,
    3.90000000000004,
    1.4999999999999905,
    2.3999999999999844,
    2.4000000000000243,
    4.799999999999969,
    2.4000000000000243,
    1.7999999999999885,
    2.0999999999999863,
    1.5000000000000153,
    2.699999999999983,
    1.7999999999999885,
    2.7000000000000277,
    1.1999999999999922,
    0.30000000000000304,
    1.7999999999999885,
    1.1999999999999922,
    0.6000000000000061,
    2.0999999999999863,
    2.0999999999999863,
    1.2000000000000122,
    0.5999999999999961,
    1.8000000000000185,
    1.1999999999999922,
    1.4999999999999905,
    1.5000000000000153,
    1.1999999999999922,
    0.6000000000000061,
    0.5999999999999961,
    1.4999999999999905,
    2.1000000000000214,
    1.7999999999999885,
    0.8999999999999942,
    0.9000000000000092,
    0.8999999999999942,
    0.6000000000000061,
    0.0,
    0.5999999999999961,
    0.6000000000000061,
    0.5999999999999961,
    0.9000000000000092,
    0.29999999999999805,
    1.7999999999999885,
    1.2000000000000122,
    0.29999999999999805,
    0.0,
    0.0,
    0.8999999999999942,
    0.30000000000000304,
    0.29999999999999805,
    0.5999999999999961,
    0.9000000000000092,
    0.29999999999999805,
    0.0,
    0.29999999999999805,
    0.29999999999999805,
    0.0,
    0.0,
    0.6000000000000061,
    0.5999999999999861,
    0.30000000000000304,
    0.30000000000000304,
    0.0,
    0.0,
    0.30000000000000304,
    0.30000000000000304,
    0.0,
    0.0,
    0.30000000000000304,
    0.0,
    0.30000000000000304,
    0.0,
    0.29999999999999305,
    0.0,
    0.0,
    0.0,
    0.0,
    0.0,
    0.0,
    0.0,
    0.0,
    0.0,
    0.0,
    0.30000000000000304,
    0.0,
    0.0,
    0.0,
    0.0,
    0.0,
    0.0,
    0.0,
    0.0,
    0.0,
    0.0,
    0.0,
    0.0,
    0.0,
    0.0,
    0.0,
    0.0,
    0.0,
    0.0,
    0.0,
    0.0,
    0.0,
    0.0,
    0.0,
    0.0,
    0.0,
    0.0,
    0.0,
    0.0,
    0.0,
    0.0,
    0.0,
    0.0,
    0.0,
    0.0,
    0.0,
    0.0,
    0.0,
    0.0,
    0.0,
    0.0,
    0.0,
    0.0,
    0.0,
    0.0,
    0.0,
    0.0,
    0.0,
    0.0,
    0.0,
    0.0,
    0.0,
    0.0,
    0.0,
    0.0,
    0.0,
    0.0,
    0.0,
    0.0,
    0.0,
    0.0,
    0.0,
    0.0,
    0.0,
    0.0,
    0.0,
    0.0,
    0.0,
    0.0,
    0.0,
    0.0,
    0.0,
    0.0,
    0.0,
    0.0,
    0.0,
    0.0,
    0.0,
    0.0,
    0.0,
    0.0,
    0.0,
    0.0,
    0.0,
    0.0,
    0.0,
    0.0,
    0.0,
    0.0,
    0.0,
    0.0,
    0.0,
    0.0,
    0.0,
    0.0,
    0.0,
    0.0,
    0.0,
    0.0,
    0.0,
    0.0,
    0.0,
    0.0,
    0.0,
    0.0,
    0.0,
    0.0,
    0.0,
    0.0,
    0.0,
    0.0,
    0.0,
    0.0,
    0.0,
    0.0,
    0.0,
    0.0,
    0.0,
    0.0,
    0.0,
    0.0,
    0.0,
    0.0,
    0.0,
    0.0,
    0.0
  ],
  "b_hist": [
    0.0,
    0.0,
    0.0,
    0.0,
    0.0,
    0.0,
    0.0,
    0.0,
    0.0,
    0.0,
    0.0,
    0.0,
    0.0,
    0.0,
    0.0,
    0.0,
    0.29999999999999993,
    0.0,
    0.0,
    0.0,
    0.2999999999999993,
    0.0,
    0.8999999999999979,
    0.6000000000000011,
    0.0,
    0.9000000000000017,
    0.2999999999999993,
    0.9000000000000017,
    0.0,
    0.9000000000000017,
    0.2999999999999993,
    1.5000000000000027,
    1.5000000000000027,
    1.4999999999999967,
    0.6000000000000011,
    1.7999999999999958,
    0.6000000000000011,
    1.4999999999999967,
    2.700000000000005,
    1.8000000000000034,
    3.899999999999975,
    3.3000000000000065,
    1.5000000000000027,
    2.700000000000005,
    1.4999999999999905,
    1.8000000000000034,
    2.700000000000005,
    4.200000000000008,
    2.700000000000005,
    2.0999999999999863,
    4.800000000000009,
    2.700000000000005,
    2.4000000000000044,
    4.799999999999969,
    3.6000000000000068,
    5.10000000000001,
    3.6000000000000068,
    3.899999999999975,
    4.200000000000008,
    5.10000000000001,
    4.500000000000008,
    3.2999999999999785,
    3.0000000000000053,
    3.3000000000000065,
    4.800000000000009,
    5.40000000000001,
    5.399999999999966,
    3.9000000000000075,
    5.10000000000001,
    5.10000000000001,
    4.499999999999971,
    6.300000000000012,
    5.10000000000001,
    3.6000000000000068,
    5.10000000000001,
    3.599999999999977,
    5.099999999999968,
    3.600000000000037,
    3.599999999999977,
    2.4000000000000243,
    3.2999999999999785,
    5.399999999999966,
    4.500000000000046,
    4.499999999999971,
    4.200000000000043,
    5.399999999999966,
    3.899999999999975,
    2.1000000000000214,
    3.899999999999975,
    2.699999999999983,
    3.0000000000000306,
    3.2999999999999785,
    3.90000000000004,
    2.3999999999999844,
    2.999999999999981,
    2.1000000000000214,
    2.3999999999999844,
    2.1000000000000214,
    1.7999999999999885,
    1.4999999999999905,
    3.3000000000000336,
    3.2999999999999785,
    1.1999999999999922,
    2.1000000000000214,
    2.0999999999999863,
    0.9000000000000092,
    2.999999999999981,
    1.1999999999999922,
    1.5000000000000153,
    2.0999999999999863,
    2.699999999999983,
    2.1000000000000214,
    0.29999999999999805,
    1.8000000000000185,
    1.1999999999999922,
    2.3999999999999844,
    2.1000000000000214,
    1.7999999999999885,
    1.5000000000000153,
    1.1999999999999922,
    0.8999999999999942,
    1.5000000000000153,
    1.4999999999999905,
    1.1999999999999922,
    1.2000000000000122,
    1.7999999999999885,
    1.2000000000000122,
    0.5999999999999961,
    1.4999999999999905,
    0.30000000000000304,
    0.0,
    0.6000000000000061,
    0.29999999999999805,
    1.1999999999999922,
    0.30000000000000304,
    0.5999999999999961,
    0.8999999999999942,
    0.6000000000000061,
    0.0,
    0.6000000000000061,
    0.0,
    0.8999999999999942,
    0.30000000000000304,
    0.0,
    0.6000000000000061,
    0.29999999999999805,
    0.8999999999999942,
    0.30000000000000304,
    0.29999999999999805,
    0.6000000000000061,
    0.29999999999999305,
    0.30000000000000304,
    0.30000000000000304,
    0.0,
    0.30000000000000304,
    0.0,
    0.30000000000000304,
    0.29999999999999305,
    0.0,
    0.30000000000000304,
    0.0,
    0.30000000000000304,
    0.30000000000000304,
    0.29999999999999305,
    0.0,
    0.30000000000000304,
    0.0,
    0.0,
    0.0,
    0.0,
    0.0,
    0.0,
    0.0,
    0.29999999999999305,
    0.0,
    0.0,
    0.0,
    0.0,
    0.0,
    0.0,
    0.0,
    0.0,
    0.0,
    0.0,
    0.0,
    0.0,
    0.0,
    0.0,
    0.0,
    0.0,
    0.0,
    0.0,
    0.0,
    0.0,
    0.0,
    0.0,
    0.0,
    0.0,
    0.0,
    0.0,
    0.0,
    0.0,
    0.0,
    0.0,
    0.0,
    0.0,
    0.0,
    0.0,
    0.0,
    0.0,
    0.0,
    0.0,
    0.0,
    0.0,
    0.0,
    0.0,
    0.0,
    0.0,
    0.0,
    0.0,
    0.0,
    0.0,
    0.0,
    0.0,
    0.0,
    0.0,
    0.0,
    0.0,
    0.0,
    0.0,
    0.0,
    0.0,
    0.0,
    0.0,
    0.0,
    0.0,
    0.0,
    0.0,
    0.0,
    0.0,
    0.0,
    0.0,
    0.0,
    0.0,
    0.0,
    0.0,
    0.0,
    0.0,
    0.0,
    0.0,
    0.0,
    0.0,
    0.0,
    0.0,
    0.0,
    0.0,
    0.0,
    0.0,
    0.0,
    0.0,
    0.0,
    0.0,
    0.0,
    0.0,
    0.0,
    0.0,
    0.0,
    0.0,
    0.0,
    0.0,
    0.0,
    0.0,
    0.0,
    0.0,
    0.0,
    0.0,
    0.0,
    0.0,
    0.0,
    0.0,
    0.0,
    0.0,
    0.0,
    0.0,
    0.0,
    0.0,
    0.0,
    0.0,
    0.0,
    0.0,
    0.0,
    0.0,
    0.0,
    0.0,
    0.0,
    0.0,
    0.0,
    0.0,
    0.0,
    0.0
  ],
  "x_hist": [
    0.0016666666666666668,
    0.005,
    0.008333333333333333,
    0.011666666666666667,
    0.015,
    0.018333333333333333,
    0.021666666666666667,
    0.025,
    0.028333333333333335,
    0.03166666666666667,
    0.035,
    0.03833333333333333,
    0.04166666666666667,
    0.045,
    0.04833333333333334,
    0.051666666666666666,
    0.05500000000000001,
    0.058333333333333334,
    0.061666666666666675,
    0.065,
    0.06833333333333333,
    0.07166666666666667,
    0.07500000000000001,
    0.07833333333333334,
    0.08166666666666667,
    0.085,
    0.08833333333333335,
    0.09166666666666667,
    0.095,
    0.09833333333333334,
    0.10166666666666668,
    0.10500000000000001,
    0.10833333333333334,
    0.11166666666666666,
    0.115,
    0.11833333333333335,
    0.12166666666666667,
    0.125,
    0.12833333333333335,
    0.13166666666666665,
    0.135,
    0.13833333333333336,
    0.14166666666666666,
    0.14500000000000002,
    0.14833333333333334,
    0.15166666666666667,
    0.15500000000000003,
    0.15833333333333333,
    0.16166666666666668,
    0.165,
    0.16833333333333333,
    0.1716666666666667,
    0.175,
    0.17833333333333334,
    0.1816666666666667,
    0.185,
    0.18833333333333335,
    0.19166666666666668,
    0.195,
    0.19833333333333336,
    0.20166666666666666,
    0.20500000000000002,
    0.20833333333333337,
    0.21166666666666667,
    0.21500000000000002,
    0.21833333333333332,
    0.22166666666666668,
    0.22500000000000003,
    0.22833333333333333,
    0.2316666666666667,
    0.23500000000000001,
    0.23833333333333334,
    0.2416666666666667,
    0.245,
    0.24833333333333335,
    0.2516666666666667,
    0.255,
    0.25833333333333336,
    0.2616666666666667,
    0.265,
    0.2683333333333333,
    0.2716666666666667,
    0.275,
    0.2783333333333333,
    0.2816666666666667,
    0.28500000000000003,
    0.28833333333333333,
    0.2916666666666667,
    0.29500000000000004,
    0.29833333333333334,
    0.3016666666666667,
    0.30500000000000005,
    0.30833333333333335,
    0.31166666666666665,
    0.31500000000000006,
    0.31833333333333336,
    0.32166666666666666,
    0.325,
    0.32833333333333337,
    0.33166666666666667,
    0.335,
    0.3383333333333334,
    0.3416666666666667,
    0.34500000000000003,
    0.3483333333333334,
    0.3516666666666667,
    0.355,
    0.3583333333333334,
    0.3616666666666667,
    0.365,
    0.3683333333333334,
    0.3716666666666667,
    0.375,
    0.37833333333333335,
    0.3816666666666667,
    0.385,
    0.38833333333333336,
    0.3916666666666667,
    0.395,
    0.3983333333333333,
    0.4016666666666667,
    0.405,
    0.4083333333333333,
    0.41166666666666674,
    0.41500000000000004,
    0.41833333333333333,
    0.4216666666666667,
    0.42500000000000004,
    0.42833333333333334,
    0.4316666666666667,
    0.43500000000000005,
    0.43833333333333335,
    0.44166666666666665,
    0.44500000000000006,
    0.44833333333333336,
    0.45166666666666666,
    0.45500000000000007,
    0.45833333333333337,
    0.46166666666666667,
    0.465,
    0.4683333333333334,
    0.4716666666666667,
    0.47500000000000003,
    0.4783333333333334,
    0.4816666666666667,
    0.485,
    0.4883333333333334,
    0.4916666666666667,
    0.495,
    0.49833333333333335,
    0.5016666666666667,
    0.5050000000000001,
    0.5083333333333333,
    0.5116666666666667,
    0.5150000000000001,
    0.5183333333333333,
    0.5216666666666667,
    0.525,
    0.5283333333333333,
    0.5316666666666667,
    0.535,
    0.5383333333333333,
    0.5416666666666667,
    0.545,
    0.5483333333333333,
    0.5516666666666667,
    0.555,
    0.5583333333333333,
    0.5616666666666668,
    0.565,
    0.5683333333333334,
    0.5716666666666668,
    0.575,
    0.5783333333333334,
    0.5816666666666668,
    0.585,
    0.5883333333333334,
    0.5916666666666668,
    0.595,
    0.5983333333333334,
    0.6016666666666668,
    0.605,
    0.6083333333333334,
    0.6116666666666667,
    0.615,
    0.6183333333333334,
    0.6216666666666667,
    0.625,
    0.6283333333333334,
    0.6316666666666667,
    0.635,
    0.6383333333333334,
    0.6416666666666667,
    0.645,
    0.6483333333333334,
    0.6516666666666666,
    0.655,
    0.6583333333333334,
    0.6616666666666666,
    0.665,
    0.6683333333333334,
    0.6716666666666666,
    0.675,
    0.6783333333333335,
    0.6816666666666666,
    0.685,
    0.6883333333333335,
    0.6916666666666667,
    0.6950000000000001,
    0.6983333333333334,
    0.7016666666666667,
    0.7050000000000001,
    0.7083333333333334,
    0.7116666666666667,
    0.7150000000000001,
    0.7183333333333334,
    0.7216666666666667,
    0.7250000000000001,
    0.7283333333333334,
    0.7316666666666667,
    0.7350000000000001,
    0.7383333333333334,
    0.7416666666666667,
    0.7450000000000001,
    0.7483333333333333,
    0.7516666666666667,
    0.7550000000000001,
    0.7583333333333333,
    0.7616666666666667,
    0.7650000000000001,
    0.7683333333333333,
    0.7716666666666667,
    0.7750000000000001,
    0.7783333333333333,
    0.7816666666666667,
    0.7850000000000001,
    0.7883333333333333,
    0.7916666666666667,
    0.795,
    0.7983333333333333,
    0.8016666666666667,
    0.805,
    0.8083333333333333,
    0.8116666666666668,
    0.8150000000000001,
    0.8183333333333334,
    0.8216666666666668,
    0.8250000000000001,
    0.8283333333333334,
    0.8316666666666668,
    0.835,
    0.8383333333333334,
    0.8416666666666668,
    0.845,
    0.8483333333333334,
    0.8516666666666668,
    0.855,
    0.8583333333333334,
    0.8616666666666668,
    0.865,
    0.8683333333333334,
    0.8716666666666668,
    0.875,
    0.8783333333333334,
    0.8816666666666667,
    0.885,
    0.8883333333333334,
    0.8916666666666667,
    0.895,
    0.8983333333333334,
    0.9016666666666667,
    0.905,
    0.9083333333333334,
    0.9116666666666667,
    0.915,
    0.9183333333333334,
    0.9216666666666666,
    0.925,
    0.9283333333333335,
    0.9316666666666666,
    0.935,
    0.9383333333333335,
    0.9416666666666667,
    0.9450000000000001,
    0.9483333333333335,
    0.9516666666666667,
    0.9550000000000001,
    0.9583333333333335,
    0.9616666666666667,
    0.9650000000000001,
    0.9683333333333334,
    0.9716666666666667,
    0.9750000000000001,
    0.9783333333333334,
    0.9816666666666667,
    0.9850000000000001,
    0.9883333333333334,
    0.9916666666666667,
    0.9950000000000001,
    0.9983333333333333
  ]
}
