CLIENT_JSON_RESPONSE_TIERED_SAMPLING:
{
  "freq_p_value": 0.057652,
  "freq_significant": false,
  "bayes_prob_b_better": 0.9951,
  "a_distribution": [
    0.0,
    0.0,
    0.0,
    0.0,
    3.2731472220701662e-80,
    0.09289826891171966,
    1.0,
    0.000157641584943948,
    1.4807873450765705e-252,
    0.0,
    0.0,
    0.0,
    0.0,
    0.0,
    0.0,
    0.0,
    0.0,
    0.0,
    0.0,
    0.0,
    0.0,
    0.0,
    0.0,
    0.0,
    0.0,
    0.0,
    0.0,
    0.0,
    0.0,
    0.0,
    0.0,
    0.0,
    0.0,
    0.0,
    0.0,
    0.0,
    0.0,
    0.0,
    0.0,
    0.0,
    0.0,
    0.0,
    0.0,
    0.0,
    0.0,
    0.0,
    0.0,
    0.0,
    0.0,
    0.0,
    0.0,
    0.0,
    0.0,
    0.0,
    0.0,
    0.0,
    0.0,
    0.0,
    0.0,
    0.0,
    0.0,
    0.0,
    0.0,
    0.0,
    0.0,
    0.0,
    0.0,
    0.0,
    0.0,
    0.0,
    0.0,
    0.0,
    0.0,
    0.0,
    0.0,
    0.0,
    0.0,
    0.0,
    0.0,
    0.0,
    0.0,
    0.0,
    0.0,
    0.0,
    0.0,
    0.0,
    0.0,
    0.0,
    0.0,
    0.0,
    0.0,
    0.0,
    0.0,
    0.0,
    0.0,
    0.0,
    0.0,
    0.0,
    0.0,
    0.0,
    0.0,
    0.0,
    0.0,
    0.0,
    0.0,
    0.0,
    0.0,
    0.0,
    0.0,
    0.0,
    0.0,
    0.0,
    0.0,
    0.0,
    0.0,
    0.0,
    0.0,
    0.0,
    0.0,
    0.0,
    0.0,
    0.0,
    0.0,
    0.0,
    0.0,
    0.0,
    0.0,
    0.0,
    0.0,
    0.0,
    0.0,
    0.0,
    0.0,
    0.0,
    0.0,
    0.0,
    0.0,
    0.0,
    0.0,
    0.0,
    0.0,
    0.0,
    0.0,
    0.0,
    0.0,
    0.0,
    0.0,
    0.0,
    0.0,
    0.0,
    0.0,
    0.0,
    0.0,
    0.0,
    0.0,
    0.0,
    0.0,
    0.0,
    0.0,
    0.0,
    0.0,
    0.0,
    0.0,
    0.0,
    0.0,
    0.0,
    0.0,
    0.0,
    0.0,
    0.0,
    0.0,
    0.0,
    0.0,
    0.0,
    0.0,
    0.0,
    0.0,
    0.0,
    0.0,
    0.0,
    0.0,
    0.0,
    0.0,
    0.0,
    0.0,
    0.0,
    0.0,
    0.0,
    0.0,
    0.0,
    0.0,
    0.0,
    0.0,
    0.0,
    0.0,
    0.0,
    0.0,
    0.0,
    0.0,
    0.0,
    0.0,
    0.0,
    0.0,
    0.0,
    0.0,
    0.0,
    0.0,
    0.0,
    0.0,
    0.0,
    0.0,
    0.0,
    0.0,
    0.0,
    0.0,
    0.0,
    0.0,
    0.0,
    0.0,
    0.0,
    0.0,
    0.0,
    0.0,
    0.0,
    0.0,
    0.0,
    0.0,
    0.0,
    0.0,
    0.0,
    0.0,
    0.0,
    0.0,
    0.0,
    0.0,
    0.0,
    0.0,
    0.0,
    0.0,
    0.0,
    0.0,
    0.0,
    0.0,
    0.0,
    0.0,
    0.0,
    0.0,
    0.0,
    0.0,
    0.0,
    0.0,
    0.0,
    0.0,
    0.0,
    0.0,
    0.0,
    0.0,
    0.0,
    0.0,
    0.0,
    0.0,
    0.0,
    0.0,
    0.0,
    0.0,
    0.0,
    0.0,
    0.0,
    0.0,
    0.0,
    0.0,
    0.0,
    0.0,
    0.0,
    0.0,
    0.0,
    0.0,
    0.0,
    0.0,
    0.0,
    0.0,
    0.0,
    0.0,
    0.0,
    0.0,
    0.0,
    0.0,
    0.0,
    0.0,
    0.0,
    0.0,
    0.0,
    0.0,
    0.0,
    0.0,
    0.0,
    0.0,
    0.0,
    0.0,
    0.0
  ],
  "b_distribution": [
    0.0,
    0.0,
    0.0,
    0.0,
    3.810006e-317,
    3.998893645843442e-16,
    1.0,
    0.346344862044508,
    4.9484127064876573e-14,
    7.884349296121896e-306,
    0.0,
    0.0,
    0.0,
    0.0,
    0.0,
    0.0,
    0.0,
    0.0,
    0.0,
    0.0,
    0.0,
    0.0,
    0.0,
    0.0,
    0.0,
    0.0,
    0.0,
    0.0,
    0.0,
    0.0,
    0.0,
    0.0,
    0.0,
    0.0,
    0.0,
    0.0,
    0.0,
    0.0,
    0.0,
    0.0,
    0.0,
    0.0,
    0.0,
    0.0,
    0.0,
    0.0,
    0.0,
    0.0,
    0.0,
    0.0,
    0.0,
    0.0,
    0.0,
    0.0,
    0.0,
    0.0,
    0.0,
    0.0,
    0.0,
    0.0,
    0.0,
    0.0,
    0.0,
    0.0,
    0.0,
    0.0,
    0.0,
    0.0,
    0.0,
    0.0,
    0.0,
    0.0,
    0.0,
    0.0,
    0.0,
    0.0,
    0.0,
    0.0,
    0.0,
    0.0,
    0.0,
    0.0,
    0.0,
    0.0,
    0.0,
    0.0,
    0.0,
    0.0,
    0.0,
    0.0,
    0.0,
    0.0,
    0.0,
    0.0,
    0.0,
    0.0,
    0.0,
    0.0,
    0.0,
    0.0,
    0.0,
    0.0,
    0.0,
    0.0,
    0.0,
    0.0,
    0.0,
    0.0,
    0.0,
    0.0,
    0.0,
    0.0,
    0.0,
    0.0,
    0.0,
    0.0,
    0.0,
    0.0,
    0.0,
    0.0,
    0.0,
    0.0,
    0.0,
    0.0,
    0.0,
    0.0,
    0.0,
    0.0,
    0.0,
    0.0,
    0.0,
    0.0,
    0.0,
    0.0,
    0.0,
    0.0,
    0.0,
    0.0,
    0.0,
    0.0,
    0.0,
    0.0,
    0.0,
    0.0,
    0.0,
    0.0,
    0.0,
    0.0,
    0.0,
    0.0,
    0.0,
    0.0,
    0.0,
    0.0,
    0.0,
    0.0,
    0.0,
    0.0,
    0.0,
    0.0,
    0.0,
    0.0,
    0.0,
    0.0,
    0.0,
    0.0,
    0.0,
    0.0,
    0.0,
    0.0,
    0.0,
    0.0,
    0.0,
    0.0,
    0.0,
    0.0,
    0.0,
    0.0,
    0.0,
    0.0,
    0.0,
    0.0,
    0.0,
    0.0,
    0.0,
    0.0,
    0.0,
    0.0,
    0.0,
    0.0,
    0.0,
    0.0,
    0.0,
    0.0,
    0.0,
    0.0,
    0.0,
    0.0,
    0.0,
    0.0,
    0.0,
    0.0,
    0.0,
    0.0,
    0.0,
    0.0,
    0.0,
    0.0,
    0.0,
    0.0,
    0.0,
    0.0,
    0.0,
    0.0,
    0.0,
    0.0,
    0.0,
    0.0,
    0.0,
    0.0,
    0.0,
    0.0,
    0.0,
    0.0,
    0.0,
    0.0,
    0.0,
    0.0,
    0.0,
    0.0,
    0.0,
    0.0,
    0.0,
    0.0,
    0.0,
    0.0,
    0.0,
    0.0,
    0.0,
    0.0,
    0.0,
    0.0,
    0.0,
    0.0,
    0.0,
    0.0,
    0.0,
    0.0,
    0.0,
    0.0,
    0.0,
    0.0,
    0.0,
    0.0,
    0.0,
    0.0,
    0.0,
    0.0,
    0.0,
    0.0,
    0.0,
    0.0,
    0.0,
    0.0,
    0.0,
    0.0,
    0.0,
    0.0,
    0.0,
    0.0,
    0.0,
    0.0,
    0.0,
    0.0,
    0.0,
    0.0,
    0.0,
    0.0,
    0.0,
    0.0,
    0.0,
    0.0,
    0.0,
    0.0,
    0.0,
    0.0,
    0.0,
    0.0,
    0.0,
    0.0,
    0.0,
    0.0,
    0.0,
    0.0,
    0.0,
    0.0,
    0.0,
    0.0,
    0.0,
    0.0
  ],
  "x_values": [
    0.0,
    0.0033444816053511705,
    0.006688963210702341,
    0.010033444816053512,
    0.013377926421404682,
    0.016722408026755852,
    0.020066889632107024,
    0.023411371237458192,
    0.026755852842809364,
    0.030100334448160536,
    0.033444816053511704,
    0.03678929765886287,
    0.04013377926421405,
    0.043478260869565216,
    0.046822742474916385,
    0.05016722408026756,
    0.05351170568561873,
    0.056856187290969896,
    0.06020066889632107,
    0.06354515050167224,
    0.06688963210702341,
    0.07023411371237458,
    0.07357859531772575,
    0.07692307692307693,
    0.0802675585284281,
    0.08361204013377926,
    0.08695652173913043,
    0.0903010033444816,
    0.09364548494983277,
    0.09698996655518395,
    0.10033444816053512,
    0.10367892976588629,
    0.10702341137123746,
    0.11036789297658862,
    0.11371237458193979,
    0.11705685618729096,
    0.12040133779264214,
    0.12374581939799331,
    0.12709030100334448,
    0.13043478260869565,
    0.13377926421404682,
    0.13712374581939799,
    0.14046822742474915,
    0.14381270903010032,
    0.1471571906354515,
    0.1505016722408027,
    0.15384615384615385,
    0.15719063545150502,
    0.1605351170568562,
    0.16387959866220736,
    0.16722408026755853,
    0.1705685618729097,
    0.17391304347826086,
    0.17725752508361203,
    0.1806020066889632,
    0.18394648829431437,
    0.18729096989966554,
    0.1906354515050167,
    0.1939799331103679,
    0.19732441471571907,
    0.20066889632107024,
    0.2040133779264214,
    0.20735785953177258,
    0.21070234113712374,
    0.2140468227424749,
    0.21739130434782608,
    0.22073578595317725,
    0.22408026755852842,
    0.22742474916387959,
    0.23076923076923075,
    0.23411371237458192,
    0.23745819397993312,
    0.2408026755852843,
    0.24414715719063546,
    0.24749163879598662,
    0.2508361204013378,
    0.25418060200668896,
    0.25752508361204013,
    0.2608695652173913,
    0.26421404682274247,
    0.26755852842809363,
    0.2709030100334448,
    0.27424749163879597,
    0.27759197324414714,
    0.2809364548494983,
    0.2842809364548495,
    0.28762541806020064,
    0.2909698996655518,
    0.294314381270903,
    0.29765886287625415,
    0.3010033444816054,
    0.30434782608695654,
    0.3076923076923077,
    0.3110367892976589,
    0.31438127090301005,
    0.3177257525083612,
    0.3210702341137124,
    0.32441471571906355,
    0.3277591973244147,
    0.3311036789297659,
    0.33444816053511706,
    0.3377926421404682,
    0.3411371237458194,
    0.34448160535117056,
    0.34782608695652173,
    0.3511705685618729,
    0.35451505016722407,
    0.35785953177257523,
    0.3612040133779264,
    0.36454849498327757,
    0.36789297658862874,
    0.3712374581939799,
    0.3745819397993311,
    0.37792642140468224,
    0.3812709030100334,
    0.3846153846153846,
    0.3879598662207358,
    0.391304347826087,
    0.39464882943143814,
    0.3979933110367893,
    0.4013377926421405,
    0.40468227424749165,
    0.4080267558528428,
    0.411371237458194,
    0.41471571906354515,
    0.4180602006688963,
    0.4214046822742475,
    0.42474916387959866,
    0.4280936454849498,
    0.431438127090301,
    0.43478260869565216,
    0.43812709030100333,
    0.4414715719063545,
    0.44481605351170567,
    0.44816053511705684,
    0.451505016722408,
    0.45484949832775917,
    0.45819397993311034,
    0.4615384615384615,
    0.4648829431438127,
    0.46822742474916385,
    0.47157190635451507,
    0.47491638795986624,
    0.4782608695652174,
    0.4816053511705686,
    0.48494983277591974,
    0.4882943143812709,
    0.4916387959866221,
    0.49498327759197325,
    0.4983277591973244,
    0.5016722408026756,
    0.5050167224080268,
    0.5083612040133779,
    0.5117056856187291,
    0.5150501672240803,
    0.5183946488294314,
    0.5217391304347826,
    0.5250836120401338,
    0.5284280936454849,
    0.5317725752508361,
    0.5351170568561873,
    0.5384615384615384,
    0.5418060200668896,
    0.5451505016722408,
    0.5484949832775919,
    0.5518394648829431,
    0.5551839464882943,
    0.5585284280936454,
    0.5618729096989966,
    0.5652173913043478,
    0.568561872909699,
    0.5719063545150501,
    0.5752508361204013,
    0.5785953177257525,
    0.5819397993311036,
    0.5852842809364548,
    0.588628762541806,
    0.5919732441471571,
    0.5953177257525083,
    0.5986622073578595,
    0.6020066889632107,
    0.6053511705685619,
    0.6086956521739131,
    0.6120401337792643,
    0.6153846153846154,
    0.6187290969899666,
    0.6220735785953178,
    0.6254180602006689,
    0.6287625418060201,
    0.6321070234113713,
    0.6354515050167224,
    0.6387959866220736,
    0.6421404682274248,
    0.6454849498327759,
    0.6488294314381271,
    0.6521739130434783,
    0.6555183946488294,
    0.6588628762541806,
    0.6622073578595318,
    0.6655518394648829,
    0.6688963210702341,
    0.6722408026755853,
    0.6755852842809364,
    0.6789297658862876,
    0.6822742474916388,
    0.68561872909699,
    0.6889632107023411,
    0.6923076923076923,
    0.6956521739130435,
    0.6989966555183946,
    0.7023411371237458,
    0.705685618729097,
    0.7090301003344481,
    0.7123745819397993,
    0.7157190635451505,
    0.7190635451505016,
    0.7224080267558528,
    0.725752508361204,
    0.7290969899665551,
    0.7324414715719063,
    0.7357859531772575,
    0.7391304347826086,
    0.7424749163879598,
    0.745819397993311,
    0.7491638795986622,
    0.7525083612040133,
    0.7558528428093645,
    0.7591973244147157,
    0.7625418060200668,
    0.765886287625418,
    0.7692307692307692,
    0.7725752508361204,
    0.7759197324414716,
    0.7792642140468228,
    0.782608695652174,
    0.7859531772575251,
    0.7892976588628763,
    0.7926421404682275,
    0.7959866220735786,
    0.7993311036789298,
    0.802675585284281,
    0.8060200668896321,
    0.8093645484949833,
    0.8127090301003345,
    0.8160535117056856,
    0.8193979933110368,
    0.822742474916388,
    0.8260869565217391,
    0.8294314381270903,
    0.8327759197324415,
    0.8361204013377926,
    0.8394648829431438,
    0.842809364548495,
    0.8461538461538461,
    0.8494983277591973,
    0.8528428093645485,
    0.8561872909698997,
    0.8595317725752508,
    0.862876254180602,
    0.8662207357859532,
    0.8695652173913043,
    0.8729096989966555,
    0.8762541806020067,
    0.8795986622073578,
    0.882943143812709,
    0.8862876254180602,
    0.8896321070234113,
    0.8929765886287625,
    0.8963210702341137,
    0.8996655518394648,
    0.903010033444816,
    0.9063545150501672,
    0.9096989966555183,
    0.9130434782608695,
    0.9163879598662207,
    0.9197324414715718,
    0.923076923076923,
    0.9264214046822742,
    0.9297658862876254,
    0.9331103678929765,
    0.9364548494983277,
    0.9397993311036789,
    0.9431438127090301,
    0.9464882943143813,
    0.9498327759197325,
    0.9531772575250836,
    0.9565217391304348,
    0.959866220735786,
    0.9632107023411371,
    0.9665551839464883,
    0.9698996655518395,
    0.9732441471571907,
    0.9765886287625418,
    0.979933110367893,
    0.9832775919732442,
    0.9866220735785953,
    0.9899665551839465,
    0.9933110367892977,
    0.9966555183946488,
    1.0
  ],
  "a_mean": 0.018952,
  "b_mean": 0.021431,
  "a_prob_best": 0.0049,
  "b_prob_best": 0.9951,
  "a_expected_loss": 0.115579,
  "b_expected_loss": 0.00012,
  "diff_x": [
    0.0022361208636017676,
    0.0022412111955907167,
    0.0022463015275796657,
    0.002251391859568615,
    0.002256482191557564,
    0.002261572523546513,
    0.002266662855535462,
    0.002271753187524411,
    0.00227684351951336,
    0.002281933851502309,
    0.002287024183491258,
    0.002292114515480207,
    0.0022972048474691562,
    0.0023022951794581053,
    0.0023073855114470543,
    0.0023124758434360034,
    0.0023175661754249524,
    0.002322656507413902,
    0.002327746839402851,
    0.0023328371713918,
    0.002337927503380749,
    0.002343017835369698,
    0.002348108167358647,
    0.002353198499347596,
    0.0023582888313365452,
    0.0023633791633254943,
    0.0023684694953144433,
    0.0023735598273033924,
    0.0023786501592923414,
    0.0023837404912812905,
    0.0023888308232702395,
    0.0023939211552591886,
    0.0023990114872481376,
    0.0024041018192370867,
    0.0024091921512260357,
    0.0024142824832149848,
    0.002419372815203934,
    0.002424463147192883,
    0.002429553479181832,
    0.002434643811170781,
    0.00243973414315973,
    0.002444824475148679,
    0.002449914807137628,
    0.002455005139126577,
    0.002460095471115526,
    0.0024651858031044752,
    0.0024702761350934243,
    0.0024753664670823733,
    0.002480456799071323,
    0.0024855471310602714,
    0.002490637463049221,
    0.00249572779503817,
    0.002500818127027119,
    0.002505908459016068,
    0.002510998791005017,
    0.002516089122993966,
    0.002521179454982915,
    0.0025262697869718642,
    0.0025313601189608133,
    0.0025364504509497623,
    0.0025415407829387114,
    0.0025466311149276604,
    0.0025517214469166095,
    0.0025568117789055585,
    0.0025619021108945076,
    0.0025669924428834566,
    0.0025720827748724057,
    0.0025771731068613547,
    0.0025822634388503038,
    0.002587353770839253,
    0.002592444102828202,
    0.002597534434817151,
    0.0026026247668061,
    0.002607715098795049,
    0.002612805430783998,
    0.002617895762772947,
    0.002622986094761896,
    0.002628076426750845,
    0.0026331667587397942,
    0.0026382570907287437,
    0.0026433474227176923,
    0.002648437754706642,
    0.0026535280866955904,
    0.00265861841868454,
    0.002663708750673489,
    0.002668799082662438,
    0.002673889414651387,
    0.002678979746640336,
    0.002684070078629285,
    0.002689160410618234,
    0.0026942507426071832,
    0.0026993410745961323,
    0.0027044314065850813,
    0.0027095217385740304,
    0.0027146120705629794,
    0.0027197024025519285,
    0.0027247927345408775,
    0.0027298830665298266,
    0.0027349733985187756,
    0.0027400637305077247
  ],
  "diff_distribution": [
    0.00034299077440623184,
    0.0004174292839453676,
    0.0005278248416072661,
    0.0007794037527336312,
    0.0010503794602343334,
    0.0012237379604431774,
    0.0014253416519611187,
    0.0019794912809467558,
    0.0030651024398336583,
    0.004393098927656614,
    0.005650252639828731,
    0.007157701973707057,
    0.009259597685180391,
    0.011651824047595792,
    0.014279103011937919,
    0.017679490810813575,
    0.02266234857888427,
    0.02988410404655382,
    0.03898753593100667,
    0.049399933123766754,
    0.06089189098422202,
    0.07330748078886093,
    0.08675479823637089,
    0.10186793488150442,
    0.12003572030215678,
    0.14197426956314646,
    0.16754677367594153,
    0.1977773851354851,
    0.23364701400179494,
    0.27400442070659203,
    0.31609214556314114,
    0.3580949080962759,
    0.4004476329165964,
    0.4429337424552854,
    0.4864109785823152,
    0.5369769365504918,
    0.5961865682045614,
    0.6546359218037907,
    0.7052497608869505,
    0.7497427373968311,
    0.7942374963593452,
    0.8419039935794461,
    0.8865019680992369,
    0.9201887744909695,
    0.9431037358059531,
    0.959744947075558,
    0.9744078245475596,
    0.9890453857459036,
    1.0,
    0.9978859723781717,
    0.9807612092034816,
    0.9587196720466795,
    0.9347112222763162,
    0.9020175489540226,
    0.8622402704391174,
    0.8220340328577831,
    0.7797853034921014,
    0.7309034218150501,
    0.6773627552770799,
    0.6230596800912609,
    0.5668143505588936,
    0.5081641693322679,
    0.45164449573404464,
    0.40136921427081407,
    0.3592159711077713,
    0.32427650798200947,
    0.2918882073829841,
    0.2577468785700146,
    0.2222617448942907,
    0.18856010006698626,
    0.15846773156291685,
    0.13276334037620277,
    0.11089808727013845,
    0.09145390141007531,
    0.07466836975400352,
    0.06126867835191881,
    0.05096569462754909,
    0.042887491179644584,
    0.035604384976097025,
    0.028130780327510624,
    0.02124040996488839,
    0.015811028560537985,
    0.01146622363389978,
    0.007728080159572311,
    0.004978799320092957,
    0.0035280894591518948,
    0.002886286049502413,
    0.0023985610048293427,
    0.0017701948040180933,
    0.0011596103286365754,
    0.0007882018285188984,
    0.0006180466386995511,
    0.0005516729877399427,
    0.0005029028516433784,
    0.00040088927958039305,
    0.00029542903609792906,
    0.0002305450773997175,
    0.00018595054564897465,
    0.000181112359245068,
    0.00018576797436328365
  ],
  "a_hist": [
    0.0,
    0.0,
    0.0,
    0.0,
    1.2660000000000005,
    262.2,
    36.53399999999999,
    0.0,
    0.0,
    0.0,
    0.0,
    0.0,
    0.0,
    0.0,
    0.0,
    0.0,
    0.0,
    0.0,
    0.0,
    0.0,
    0.0,
    0.0,
    0.0,
    0.0,
    0.0,
    0.0,
    0.0,
    0.0,
    0.0,
    0.0,
    0.0,
    0.0,
    0.0,
    0.0,
    0.0,
    0.0,
    0.0,
    0.0,
    0.0,
    0.0,
    0.0,
    0.0,
    0.0,
    0.0,
    0.0,
    0.0,
    0.0,
    0.0,
    0.0,
    0.0,
    0.0,
    0.0,
    0.0,
    0.0,
    0.0,
    0.0,
    0.0,
    0.0,
    0.0,
    0.0,
    0.0,
    0.0,
    0.0,
    0.0,
    0.0,
    0.0,
    0.0,
    0.0,
    0.0,
    0.0,
    0.0,
    0.0,
    0.0,
    0.0,
    0.0,
    0.0,
    0.0,
    0.0,
    0.0,
    0.0,
    0.0,
    0.0,
    0.0,
    0.0,
    0.0,
    0.0,
    0.0,
    0.0,
    0.0,
    0.0,
    0.0,
    0.0,
    0.0,
    0.0,
    0.0,
    0.0,
    0.0,
    0.0,
    0.0,
    0.0,
    0.0,
    0.0,
    0.0,
    0.0,
    0.0,
    0.0,
    0.0,
    0.0,
    0.0,
    0.0,
    0.0,
    0.0,
    0.0,
    0.0,
    0.0,
    0.0,
    0.0,
    0.0,
    0.0,
    0.0,
    0.0,
    0.0,
    0.0,
    0.0,
    0.0,
    0.0,
    0.0,
    0.0,
    0.0,
    0.0,
    0.0,
    0.0,
    0.0,
    0.0,
    0.0,
    0.0,
    0.0,
    0.0,
    0.0,
    0.0,
    0.0,
    0.0,
    0.0,
    0.0,
    0.0,
    0.0,
    0.0,
    0.0,
    0.0,
    0.0,
    0.0,
    0.0,
    0.0,
    0.0,
    0.0,
    0.0,
    0.0,
    0.0,
    0.0,
    0.0,
    0.0,
    0.0,
    0.0,
    0.0,
    0.0,
    0.0,
    0.0,
    0.0,
    0.0,
    0.0,
    0.0,
    0.0,
    0.0,
    0.0,
    0.0,
    0.0,
    0.0,
    0.0,
    0.0,
    0.0,
    0.0,
    0.0,
    0.0,
    0.0,
    0.0,
    0.0,
    0.0,
    0.0,
    0.0,
    0.0,
    0.0,
    0.0,
    0.0,
    0.0,
    0.0,
    0.0,
    0.0,
    0.0,
    0.0,
    0.0,
    0.0,
    0.0,
    0.0,
    0.0,
    0.0,
    0.0,
    0.0,
    0.0,
    0.0,
    0.0,
    0.0,
    0.0,
    0.0,
    0.0,
    0.0,
    0.0,
    0.0,
    0.0,
    0.0,
    0.0,
    0.0,
    0.0,
    0.0,
    0.0,
    0.0,
    0.0,
    0.0,
    0.0,
    0.0,
    0.0,
    0.0,
    0.0,
    0.0,
    0.0,
    0.0,
    0.0,
    0.0,
    0.0,
    0.0,
    0.0,
    0.0,
    0.0,
    0.0,
    0.0,
    0.0,
    0.0,
    0.0,
    0.0,
    0.0,
    0.0,
    0.0,
    0.0,
    0.0,
    0.0,
    0.0,
    0.0,
    0.0,
    0.0,
    0.0,
    0.0,
    0.0,
    0.0,
    0.0,
    0.0,
    0.0,
    0.0,
    0.0,
    0.0,
    0.0,
    0.0,
    0.0,
    0.0,
    0.0,
    0.0,
    0.0,
    0.0,
    0.0,
    0.0,
    0.0,
    0.0,
    0.0,
    0.0,
    0.0,
    0.0,
    0.0,
    0.0,
    0.0,
    0.0,
    0.0,
    0.0,
    0.0,
    0.0,
    0.0,
    0.0,
    0.0,
    0.0,
    0.0,
    0.0,
    0.0,
    0.0
  ],
  "b_hist": [
    0.0,
    0.0,
    0.0,
    0.0,
    0.0,
    19.325999999999997,
    272.93399999999997,
    7.739999999999998,
    0.0,
    0.0,
    0.0,
    0.0,
    0.0,
    0.0,
    0.0,
    0.0,
    0.0,
    0.0,
    0.0,
    0.0,
    0.0,
    0.0,
    0.0,
    0.0,
    0.0,
    0.0,
    0.0,
    0.0,
    0.0,
    0.0,
    0.0,
    0.0,
    0.0,
    0.0,
    0.0,
    0.0,
    0.0,
    0.0,
    0.0,
    0.0,
    0.0,
    0.0,
    0.0,
    0.0,
    0.0,
    0.0,
    0.0,
    0.0,
    0.0,
    0.0,
    0.0,
    0.0,
    0.0,
    0.0,
    0.0,
    0.0,
    0.0,
    0.0,
    0.0,
    0.0,
    0.0,
    0.0,
    0.0,
    0.0,
    0.0,
    0.0,
    0.0,
    0.0,
    0.0,
    0.0,
    0.0,
    0.0,
    0.0,
    0.0,
    0.0,
    0.0,
    0.0,
    0.0,
    0.0,
    0.0,
    0.0,
    0.0,
    0.0,
    0.0,
    0.0,
    0.0,
    0.0,
    0.0,
    0.0,
    0.0,
    0.0,
    0.0,
    0.0,
    0.0,
    0.0,
    0.0,
    0.0,
    0.0,
    0.0,
    0.0,
    0.0,
    0.0,
    0.0,
    0.0,
    0.0,
    0.0,
    0.0,
    0.0,
    0.0,
    0.0,
    0.0,
    0.0,
    0.0,
    0.0,
    0.0,
    0.0,
    0.0,
    0.0,
    0.0,
    0.0,
    0.0,
    0.0,
    0.0,
    0.0,
    0.0,
    0.0,
    0.0,
    0.0,
    0.0,
    0.0,
    0.0,
    0.0,
    0.0,
    0.0,
    0.0,
    0.0,
    0.0,
    0.0,
    0.0,
    0.0,
    0.0,
    0.0,
    0.0,
    0.0,
    0.0,
    0.0,
    0.0,
    0.0,
    0.0,
    0.0,
    0.0,
    0.0,
    0.0,
    0.0,
    0.0,
    0.0,
    0.0,
    0.0,
    0.0,
    0.0,
    0.0,
    0.0,
    0.0,
    0.0,
    0.0,
    0.0,
    0.0,
    0.0,
    0.0,
    0.0,
    0.0,
    0.0,
    0.0,
    0.0,
    0.0,
    0.0,
    0.0,
    0.0,
    0.0,
    0.0,
    0.0,
    0.0,
    0.0,
    0.0,
    0.0,
    0.0,
    0.0,
    0.0,
    0.0,
    0.0,
    0.0,
    0.0,
    0.0,
    0.0,
    0.0,
    0.0,
    0.0,
    0.0,
    0.0,
    0.0,
    0.0,
    0.0,
    0.0,
    0.0,
    0.0,
    0.0,
    0.0,
    0.0,
    0.0,
    0.0,
    0.0,
    0.0,
    0.0,
    0.0,
    0.0,
    0.0,
    0.0,
    0.0,
    0.0,
    0.0,
    0.0,
    0.0,
    0.0,
    0.0,
    0.0,
    0.0,
    0.0,
    0.0,
    0.0,
    0.0,
    0.0,
    0.0,
    0.0,
    0.0,
    0.0,
    0.0,
    0.0,
    0.0,
    0.0,
    0.0,
    0.0,
    0.0,
    0.0,
    0.0,
    0.0,
    0.0,
    0.0,
    0.0,
    0.0,
    0.0,
    0.0,
    0.0,
    0.0,
    0.0,
    0.0,
    0.0,
    0.0,
    0.0,
    0.0,
    0.0,
    0.0,
    0.0,
    0.0,
    0.0,
    0.0,
    0.0,
    0.0,
    0.0,
    0.0,
    0.0,
    0.0,
    0.0,
    0.0,
    0.0,
    0.0,
    0.0,
    0.0,
    0.0,
    0.0,
    0.0,
    0.0,
    0.0,
    0.0,
    0.0,
    0.0,
    0.0,
    0.0,
    0.0,
    0.0,
    0.0,
    0.0,
    0.0,
    0.0,
    0.0,
    0.0,
    0.0,
    0.0,
    0.0,
    0.0,
    0.0
  ],
  "x_hist": [
    0.0016666666666666668,
    0.005,
    0.008333333333333333,
    0.011666666666666667,
    0.015,
    0.018333333333333333,
    0.021666666666666667,
    0.025,
    0.028333333333333335,
    0.03166666666666667,
    0.035,
    0.03833333333333333,
    0.04166666666666667,
    0.045,
    0.04833333333333334,
    0.051666666666666666,
    0.05500000000000001,
    0.058333333333333334,
    0.061666666666666675,
    0.065,
    0.06833333333333333,
    0.07166666666666667,
    0.07500000000000001,
    0.07833333333333334,
    0.08166666666666667,
    0.085,
    0.08833333333333335,
    0.09166666666666667,
    0.095,
    0.09833333333333334,
    0.10166666666666668,
    0.10500000000000001,
    0.10833333333333334,
    0.11166666666666666,
    0.115,
    0.11833333333333335,
    0.12166666666666667,
    0.125,
    0.12833333333333335,
    0.13166666666666665,
    0.135,
    0.13833333333333336,
    0.14166666666666666,
    0.14500000000000002,
    0.14833333333333334,
    0.15166666666666667,
    0.15500000000000003,
    0.15833333333333333,
    0.16166666666666668,
    0.165,
    0.16833333333333333,
    0.1716666666666667,
    0.175,
    0.17833333333333334,
    0.1816666666666667,
    0.185,
    0.18833333333333335,
    0.19166666666666668,
    0.195,
    0.19833333333333336,
    0.20166666666666666,
    0.20500000000000002,
    0.20833333333333337,
    0.21166666666666667,
    0.21500000000000002,
    0.21833333333333332,
    0.22166666666666668,
    0.22500000000000003,
    0.22833333333333333,
    0.2316666666666667,
    0.23500000000000001,
    0.23833333333333334,
    0.2416666666666667,
    0.245,
    0.24833333333333335,
    0.2516666666666667,
    0.255,
    0.25833333333333336,
    0.2616666666666667,
    0.265,
    0.2683333333333333,
    0.2716666666666667,
    0.275,
    0.2783333333333333,
    0.2816666666666667,
    0.28500000000000003,
    0.28833333333333333,
    0.2916666666666667,
    0.29500000000000004,
    0.29833333333333334,
    0.3016666666666667,
    0.30500000000000005,
    0.30833333333333335,
    0.31166666666666665,
    0.31500000000000006,
    0.31833333333333336,
    0.32166666666666666,
    0.325,
    0.32833333333333337,
    0.33166666666666667,
    0.335,
    0.3383333333333334,
    0.3416666666666667,
    0.34500000000000003,
    0.3483333333333334,
    0.3516666666666667,
    0.355,
    0.3583333333333334,
    0.3616666666666667,
    0.365,
    0.3683333333333334,
    0.3716666666666667,
    0.375,
    0.37833333333333335,
    0.3816666666666667,
    0.385,
    0.38833333333333336,
    0.3916666666666667,
    0.395,
    0.3983333333333333,
    0.4016666666666667,
    0.405,
    0.4083333333333333,
    0.41166666666666674,
    0.41500000000000004,
    0.41833333333333333,
    0.4216666666666667,
    0.42500000000000004,
    0.42833333333333334,
    0.4316666666666667,
    0.43500000000000005,
    0.43833333333333335,
    0.44166666666666665,
    0.44500000000000006,
    0.44833333333333336,
    0.45166666666666666,
    0.45500000000000007,
    0.45833333333333337,
    0.46166666666666667,
    0.465,
    0.4683333333333334,
    0.4716666666666667,
    0.47500000000000003,
    0.4783333333333334,
    0.4816666666666667,
    0.485,
    0.4883333333333334,
    0.4916666666666667,
    0.495,
    0.49833333333333335,
    0.5016666666666667,
    0.5050000000000001,
    0.5083333333333333,
    0.5116666666666667,
    0.5150000000000001,
    0.5183333333333333,
    0.5216666666666667,
    0.525,
    0.5283333333333333,
    0.5316666666666667,
    0.535,
    0.5383333333333333,
    0.5416666666666667,
    0.545,
    0.5483333333333333,
    0.5516666666666667,
    0.555,
    0.5583333333333333,
    0.5616666666666668,
    0.565,
    0.5683333333333334,
    0.5716666666666668,
    0.575,
    0.5783333333333334,
    0.5816666666666668,
    0.585,
    0.5883333333333334,
    0.5916666666666668,
    0.595,
    0.5983333333333334,
    0.6016666666666668,
    0.605,
    0.6083333333333334,
    0.6116666666666667,
    0.615,
    0.6183333333333334,
    0.6216666666666667,
    0.625,
    0.6283333333333334,
    0.6316666666666667,
    0.635,
    0.6383333333333334,
    0.6416666666666667,
    0.645,
    0.6483333333333334,
    0.6516666666666666,
    0.655,
    0.6583333333333334,
    0.6616666666666666,
    0.665,
    0.6683333333333334,
    0.6716666666666666,
    0.675,
    0.6783333333333335,
    0.6816666666666666,
    0.685,
    0.6883333333333335,
    0.6916666666666667,
    0.6950000000000001,
    0.6983333333333334,
    0.7016666666666667,
    0.7050000000000001,
    0.7083333333333334,
    0.7116666666666667,
    0.7150000000000001,
    0.7183333333333334,
    0.7216666666666667,
    0.7250000000000001,
    0.7283333333333334,
    0.7316666666666667,
    0.7350000000000001,
    0.7383333333333334,
    0.7416666666666667,
    0.7450000000000001,
    0.7483333333333333,
    0.7516666666666667,
    0.7550000000000001,
    0.7583333333333333,
    0.7616666666666667,
    0.7650000000000001,
    0.7683333333333333,
    0.7716666666666667,
    0.7750000000000001,
    0.7783333333333333,
    0.7816666666666667,
    0.7850000000000001,
    0.7883333333333333,
    0.7916666666666667,
    0.795,
    0.7983333333333333,
    0.8016666666666667,
    0.805,
    0.8083333333333333,
    0.8116666666666668,
    0.8150000000000001,
    0.8183333333333334,
    0.8216666666666668,
    0.8250000000000001,
    0.8283333333333334,
    0.8316666666666668,
    0.835,
    0.8383333333333334,
    0.8416666666666668,
    0.845,
    0.8483333333333334,
    0.8516666666666668,
    0.855,
    0.8583333333333334,
    0.8616666666666668,
    0.865,
    0.8683333333333334,
    0.8716666666666668,
    0.875,
    0.8783333333333334,
    0.8816666666666667,
    0.885,
    0.8883333333333334,
    0.8916666666666667,
    0.895,
    0.8983333333333334,
    0.9016666666666667,
    0.905,
    0.9083333333333334,
    0.9116666666666667,
    0.915,
    0.9183333333333334,
    0.9216666666666666,
    0.925,
    0.9283333333333335,
    0.9316666666666666,
    0.935,
    0.9383333333333335,
    0.9416666666666667,
    0.9450000000000001,
    0.9483333333333335,
    0.9516666666666667,
    0.9550000000000001,
    0.9583333333333335,
    0.9616666666666667,
    0.9650000000000001,
    0.9683333333333334,
    0.9716666666666667,
    0.9750000000000001,
    0.9783333333333334,
    0.9816666666666667,
    0.9850000000000001,
    0.9883333333333334,
    0.9916666666666667,
    0.9950000000000001,
    0.9983333333333333
  ]
}
