CLIENT_JSON_RESPONSE:
{
  "freq_p_value": 0.152918,
  "freq_significant": false,
  "bayes_prob_b_better": 0.906,
  "a_distribution": [
    4.531007445297565e-145,
    6.72260600452773e-131,
    1.7935365303590387e-117,
    8.604239269871901e-105,
    7.422401041493864e-93,
    1.1513464865435075e-81,
    3.2114218379836723e-71,
    1.6107138185020658e-61,
    1.4526774402120383e-52,
    2.355862882159143e-44,
    6.870077397621887e-37,
    3.6025230834223526e-30,
    3.396993942165519e-24,
    5.760466670893737e-19,
    1.7571359698011603e-14,
    9.649713799089608e-11,
    9.569057457125905e-08,
    1.7305464631363435e-05,
    0.0005891585278213911,
    0.004120297105126018,
    0.007193573568283575,
    0.008370552408339192,
    0.02568376896463906,
    0.05166609299032713,
    0.11287596791386521,
    0.25198061317006915,
    0.43964204709300325,
    0.6151903440829072,
    0.8290836089118094,
    1.0,
    0.9944721516685354,
    0.848363435239133,
    0.696759467603067,
    0.5094370593513612,
    0.3616134360681583,
    0.2684244564510898,
    0.17477411685576488,
    0.10460284014175894,
    0.0575245061426643,
    0.026007082719229652,
    0.008816609448039695,
    0.002849293995000539,
    0.0003286007162176628,
    7.469152743856439e-06,
    3.081678783104631e-08,
    2.2885681679878876e-11,
    3.0564507442233302e-15,
    7.340168058458707e-20,
    3.1697492755183675e-25,
    2.461351145843845e-31,
    3.4367815975088885e-38,
    8.628990236180598e-46,
    3.8958094380856265e-54,
    3.162751843541339e-63,
    4.617024871410804e-73,
    1.21196197703247e-83,
    5.720651085836863e-95,
    4.8554737391411807e-107,
    7.410498836578745e-120,
    2.0337284385773004e-133,
    1.0036173582705757e-147,
    8.905802320546152e-163,
    1.4210443171662585e-178,
    4.077292588233197e-195,
    2.1036128623073794e-212,
    1.9515938542175738e-230,
    3.2556877868247163e-249,
    9.766202908945989e-269,
    5.267910895484698e-289,
    5.1095279833577e-310,
    0.0,
    0.0,
    0.0,
    0.0,
    0.0,
    0.0,
    0.0,
    0.0,
    0.0,
    0.0,
    0.0,
    0.0,
    0.0,
    0.0,
    0.0,
    0.0,
    0.0,
    0.0,
    0.0,
    0.0,
    0.0,
    0.0,
    0.0,
    0.0,
    0.0,
    0.0,
    0.0,
    0.0,
    0.0,
    0.0,
    0.0,
    0.0,
    0.0,
    0.0,
    0.0,
    0.0,
    0.0,
    0.0,
    0.0,
    0.0,
    0.0,
    0.0,
    0.0,
    0.0,
    0.0,
    0.0,
    0.0,
    0.0,
    0.0,
    0.0,
    0.0,
    0.0,
    0.0,
    0.0,
    0.0,
    0.0,
    0.0,
    0.0,
    0.0,
    0.0,
    0.0,
    0.0,
    0.0,
    0.0,
    0.0,
    0.0,
    0.0,
    0.0,
    0.0,
    0.0,
    0.0,
    0.0,
    0.0,
    0.0,
    0.0,
    0.0,
    0.0,
    0.0,
    0.0,
    0.0,
    0.0,
    0.0,
    0.0,
    0.0,
    0.0,
    0.0,
    0.0,
    0.0,
    0.0,
    0.0,
    0.0,
    0.0,
    0.0,
    0.0,
    0.0,
    0.0,
    0.0,
    0.0,
    0.0,
    0.0,
    0.0,
    0.0,
    0.0,
    0.0,
    0.0,
    0.0,
    0.0,
    0.0,
    0.0,
    0.0,
    0.0,
    0.0,
    0.0,
    0.0,
    0.0,
    0.0,
    0.0,
    0.0,
    0.0,
    0.0,
    0.0,
    0.0,
    0.0,
    0.0,
    0.0,
    0.0,
    0.0,
    0.0,
    0.0,
    0.0,
    0.0,
    0.0,
    0.0,
    0.0,
    0.0,
    0.0,
    0.0,
    0.0,
    0.0,
    0.0,
    0.0,
    0.0,
    0.0,
    0.0,
    0.0,
    0.0,
    0.0,
    0.0,
    0.0,
    0.0,
    0.0,
    0.0,
    0.0,
    0.0,
    0.0,
    0.0,
    0.0,
    0.0,
    0.0,
    0.0,
    0.0,
    0.0,
    0.0,
    0.0,
    0.0,
    0.0,
    0.0,
    0.0,
    0.0,
    0.0,
    0.0,
    0.0,
    0.0,
    0.0,
    0.0,
    0.0,
    0.0,
    0.0,
    0.0,
    0.0,
    0.0,
    0.0,
    0.0,
    0.0,
    0.0,
    0.0,
    0.0,
    0.0,
    0.0,
    0.0,
    0.0,
    0.0,
    0.0,
    0.0,
    0.0,
    0.0,
    0.0,
    0.0,
    0.0,
    0.0,
    0.0,
    0.0,
    0.0,
    0.0,
    0.0,
    0.0,
    0.0,
    0.0,
    0.0,
    0.0,
    0.0,
    0.0,
    0.0,
    0.0,
    0.0,
    0.0,
    0.0,
    0.0,
    0.0,
    0.0,
    0.0,
    0.0,
    0.0,
    0.0,
    0.0,
    0.0,
    0.0,
    0.0,
    0.0,
    0.0
  ],
  "b_distribution": [
    4.895719242787044e-208,
    1.4651454317119017e-192,
    1.0822580302167107e-177,
    1.973180200421038e-163,
    8.879500406133863e-150,
    9.86270774974108e-137,
    2.70389391073166e-124,
    1.8296540509744897e-112,
    3.055865010335223e-101,
    1.259752417712445e-90,
    1.2818053670166533e-80,
    3.2191767414759192e-71,
    1.9955076973997434e-62,
    3.053147908555495e-54,
    1.1529968795164432e-46,
    1.0747173841825443e-39,
    2.472556839218367e-33,
    1.404055352627016e-27,
    1.967924516135298e-22,
    6.808014657062943e-18,
    5.813371312827062e-14,
    1.2253754419170412e-10,
    6.378755513571441e-08,
    8.219501979715203e-06,
    0.0002657095481632642,
    0.002340015705798642,
    0.008544745228648282,
    0.02574489104910628,
    0.056682517910492634,
    0.10399243792296024,
    0.19480289708292825,
    0.32993928855188387,
    0.47807841714723814,
    0.6599367718546185,
    0.8326310201239666,
    0.9687862285704361,
    1.0,
    0.919701650709561,
    0.7565059826886068,
    0.5828711022190514,
    0.4692964962347131,
    0.3642845950933438,
    0.2330524850986995,
    0.13694912068743567,
    0.09056867291814902,
    0.054374104104861716,
    0.02558769272876417,
    0.008201566317163827,
    0.00148245472277262,
    9.972045433371751e-05,
    1.8744842684041668e-06,
    8.979461644208471e-09,
    1.070605231118174e-11,
    3.1578004253364635e-15,
    2.300420240821921e-19,
    4.137115600516e-24,
    1.8365315453953183e-29,
    2.0122981129298907e-35,
    5.44219779840099e-42,
    3.6328114065094915e-49,
    5.98545872254425e-57,
    2.4340973387920873e-65,
    2.4432297775134414e-74,
    6.053081766553454e-84,
    3.701473295386462e-94,
    5.5867411724206375e-105,
    2.0812695629105518e-116,
    1.913744542021565e-128,
    4.343356201968729e-141,
    2.43305978564816e-154,
    3.364077281267492e-168,
    1.1480610895561433e-182,
    9.670521220758124e-198,
    2.0105765690166215e-213,
    1.0317564730722249e-229,
    1.3068316314897574e-246,
    4.085525485806248e-264,
    3.1525505608249522e-282,
    6.004295358058056e-301,
    2.8226e-320,
    0.0,
    0.0,
    0.0,
    0.0,
    0.0,
    0.0,
    0.0,
    0.0,
    0.0,
    0.0,
    0.0,
    0.0,
    0.0,
    0.0,
    0.0,
    0.0,
    0.0,
    0.0,
    0.0,
    0.0,
    0.0,
    0.0,
    0.0,
    0.0,
    0.0,
    0.0,
    0.0,
    0.0,
    0.0,
    0.0,
    0.0,
    0.0,
    0.0,
    0.0,
    0.0,
    0.0,
    0.0,
    0.0,
    0.0,
    0.0,
    0.0,
    0.0,
    0.0,
    0.0,
    0.0,
    0.0,
    0.0,
    0.0,
    0.0,
    0.0,
    0.0,
    0.0,
    0.0,
    0.0,
    0.0,
    0.0,
    0.0,
    0.0,
    0.0,
    0.0,
    0.0,
    0.0,
    0.0,
    0.0,
    0.0,
    0.0,
    0.0,
    0.0,
    0.0,
    0.0,
    0.0,
    0.0,
    0.0,
    0.0,
    0.0,
    0.0,
    0.0,
    0.0,
    0.0,
    0.0,
    0.0,
    0.0,
    0.0,
    0.0,
    0.0,
    0.0,
    0.0,
    0.0,
    0.0,
    0.0,
    0.0,
    0.0,
    0.0,
    0.0,
    0.0,
    0.0,
    0.0,
    0.0,
    0.0,
    0.0,
    0.0,
    0.0,
    0.0,
    0.0,
    0.0,
    0.0,
    0.0,
    0.0,
    0.0,
    0.0,
    0.0,
    0.0,
    0.0,
    0.0,
    0.0,
    0.0,
    0.0,
    0.0,
    0.0,
    0.0,
    0.0,
    0.0,
    0.0,
    0.0,
    0.0,
    0.0,
    0.0,
    0.0,
    0.0,
    0.0,
    0.0,
    0.0,
    0.0,
    0.0,
    0.0,
    0.0,
    0.0,
    0.0,
    0.0,
    0.0,
    0.0,
    0.0,
    0.0,
    0.0,
    0.0,
    0.0,
    0.0,
    0.0,
    0.0,
    0.0,
    0.0,
    0.0,
    0.0,
    0.0,
    0.0,
    0.0,
    0.0,
    0.0,
    0.0,
    0.0,
    0.0,
    0.0,
    0.0,
    0.0,
    0.0,
    0.0,
    0.0,
    0.0,
    0.0,
    0.0,
    0.0,
    0.0,
    0.0,
    0.0,
    0.0,
    0.0,
    0.0,
    0.0,
    0.0,
    0.0,
    0.0,
    0.0,
    0.0,
    0.0,
    0.0,
    0.0,
    0.0,
    0.0,
    0.0,
    0.0,
    0.0,
    0.0,
    0.0,
    0.0,
    0.0,
    0.0,
    0.0,
    0.0,
    0.0,
    0.0,
    0.0,
    0.0,
    0.0,
    0.0,
    0.0,
    0.0,
    0.0,
    0.0,
    0.0,
    0.0,
    0.0,
    0.0,
    0.0,
    0.0,
    0.0,
    0.0,
    0.0,
    0.0,
    0.0,
    0.0
  ],
  "x_values": [
    0.0,
    0.0033444816053511705,
    0.006688963210702341,
    0.010033444816053512,
    0.013377926421404682,
    0.016722408026755852,
    0.020066889632107024,
    0.023411371237458192,
    0.026755852842809364,
    0.030100334448160536,
    0.033444816053511704,
    0.03678929765886287,
    0.04013377926421405,
    0.043478260869565216,
    0.046822742474916385,
    0.05016722408026756,
    0.05351170568561873,
    0.056856187290969896,
    0.06020066889632107,
    0.06354515050167224,
    0.06688963210702341,
    0.07023411371237458,
    0.07357859531772575,
    0.07692307692307693,
    0.0802675585284281,
    0.08361204013377926,
    0.08695652173913043,
    0.0903010033444816,
    0.09364548494983277,
    0.09698996655518395,
    0.10033444816053512,
    0.10367892976588629,
    0.10702341137123746,
    0.11036789297658862,
    0.11371237458193979,
    0.11705685618729096,
    0.12040133779264214,
    0.12374581939799331,
    0.12709030100334448,
    0.13043478260869565,
    0.13377926421404682,
    0.13712374581939799,
    0.14046822742474915,
    0.14381270903010032,
    0.1471571906354515,
    0.1505016722408027,
    0.15384615384615385,
    0.15719063545150502,
    0.1605351170568562,
    0.16387959866220736,
    0.16722408026755853,
    0.1705685618729097,
    0.17391304347826086,
    0.17725752508361203,
    0.1806020066889632,
    0.18394648829431437,
    0.18729096989966554,
    0.1906354515050167,
    0.1939799331103679,
    0.19732441471571907,
    0.20066889632107024,
    0.2040133779264214,
    0.20735785953177258,
    0.21070234113712374,
    0.2140468227424749,
    0.21739130434782608,
    0.22073578595317725,
    0.22408026755852842,
    0.22742474916387959,
    0.23076923076923075,
    0.23411371237458192,
    0.23745819397993312,
    0.2408026755852843,
    0.24414715719063546,
    0.24749163879598662,
    0.2508361204013378,
    0.25418060200668896,
    0.25752508361204013,
    0.2608695652173913,
    0.26421404682274247,
    0.26755852842809363,
    0.2709030100334448,
    0.27424749163879597,
    0.27759197324414714,
    0.2809364548494983,
    0.2842809364548495,
    0.28762541806020064,
    0.2909698996655518,
    0.294314381270903,
    0.29765886287625415,
    0.3010033444816054,
    0.30434782608695654,
    0.3076923076923077,
    0.3110367892976589,
    0.31438127090301005,
    0.3177257525083612,
    0.3210702341137124,
    0.32441471571906355,
    0.3277591973244147,
    0.3311036789297659,
    0.33444816053511706,
    0.3377926421404682,
    0.3411371237458194,
    0.34448160535117056,
    0.34782608695652173,
    0.3511705685618729,
    0.35451505016722407,
    0.35785953177257523,
    0.3612040133779264,
    0.36454849498327757,
    0.36789297658862874,
    0.3712374581939799,
    0.3745819397993311,
    0.37792642140468224,
    0.3812709030100334,
    0.3846153846153846,
    0.3879598662207358,
    0.391304347826087,
    0.39464882943143814,
    0.3979933110367893,
    0.4013377926421405,
    0.40468227424749165,
    0.4080267558528428,
    0.411371237458194,
    0.41471571906354515,
    0.4180602006688963,
    0.4214046822742475,
    0.42474916387959866,
    0.4280936454849498,
    0.431438127090301,
    0.43478260869565216,
    0.43812709030100333,
    0.4414715719063545,
    0.44481605351170567,
    0.44816053511705684,
    0.451505016722408,
    0.45484949832775917,
    0.45819397993311034,
    0.4615384615384615,
    0.4648829431438127,
    0.46822742474916385,
    0.47157190635451507,
    0.47491638795986624,
    0.4782608695652174,
    0.4816053511705686,
    0.48494983277591974,
    0.4882943143812709,
    0.4916387959866221,
    0.49498327759197325,
    0.4983277591973244,
    0.5016722408026756,
    0.5050167224080268,
    0.5083612040133779,
    0.5117056856187291,
    0.5150501672240803,
    0.5183946488294314,
    0.5217391304347826,
    0.5250836120401338,
    0.5284280936454849,
    0.5317725752508361,
    0.5351170568561873,
    0.5384615384615384,
    0.5418060200668896,
    0.5451505016722408,
    0.5484949832775919,
    0.5518394648829431,
    0.5551839464882943,
    0.5585284280936454,
    0.5618729096989966,
    0.5652173913043478,
    0.568561872909699,
    0.5719063545150501,
    0.5752508361204013,
    0.5785953177257525,
    0.5819397993311036,
    0.5852842809364548,
    0.588628762541806,
    0.5919732441471571,
    0.5953177257525083,
    0.5986622073578595,
    0.6020066889632107,
    0.6053511705685619,
    0.6086956521739131,
    0.6120401337792643,
    0.6153846153846154,
    0.6187290969899666,
    0.6220735785953178,
    0.6254180602006689,
    0.6287625418060201,
    0.6321070234113713,
    0.6354515050167224,
    0.6387959866220736,
    0.6421404682274248,
    0.6454849498327759,
    0.6488294314381271,
    0.6521739130434783,
    0.6555183946488294,
    0.6588628762541806,
    0.6622073578595318,
    0.6655518394648829,
    0.6688963210702341,
    0.6722408026755853,
    0.6755852842809364,
    0.6789297658862876,
    0.6822742474916388,
    0.68561872909699,
    0.6889632107023411,
    0.6923076923076923,
    0.6956521739130435,
    0.6989966555183946,
    0.7023411371237458,
    0.705685618729097,
    0.7090301003344481,
    0.7123745819397993,
    0.7157190635451505,
    0.7190635451505016,
    0.7224080267558528,
    0.725752508361204,
    0.7290969899665551,
    0.7324414715719063,
    0.7357859531772575,
    0.7391304347826086,
    0.7424749163879598,
    0.745819397993311,
    0.7491638795986622,
    0.7525083612040133,
    0.7558528428093645,
    0.7591973244147157,
    0.7625418060200668,
    0.765886287625418,
    0.7692307692307692,
    0.7725752508361204,
    0.7759197324414716,
    0.7792642140468228,
    0.782608695652174,
    0.7859531772575251,
    0.7892976588628763,
    0.7926421404682275,
    0.7959866220735786,
    0.7993311036789298,
    0.802675585284281,
    0.8060200668896321,
    0.8093645484949833,
    0.8127090301003345,
    0.8160535117056856,
    0.8193979933110368,
    0.822742474916388,
    0.8260869565217391,
    0.8294314381270903,
    0.8327759197324415,
    0.8361204013377926,
    0.8394648829431438,
    0.842809364548495,
    0.8461538461538461,
    0.8494983277591973,
    0.8528428093645485,
    0.8561872909698997,
    0.8595317725752508,
    0.862876254180602,
    0.8662207357859532,
    0.8695652173913043,
    0.8729096989966555,
    0.8762541806020067,
    0.8795986622073578,
    0.882943143812709,
    0.8862876254180602,
    0.8896321070234113,
    0.8929765886287625,
    0.8963210702341137,
    0.8996655518394648,
    0.903010033444816,
    0.9063545150501672,
    0.9096989966555183,
    0.9130434782608695,
    0.9163879598662207,
    0.9197324414715718,
    0.923076923076923,
    0.9264214046822742,
    0.9297658862876254,
    0.9331103678929765,
    0.9364548494983277,
    0.9397993311036789,
    0.9431438127090301,
    0.9464882943143813,
    0.9498327759197325,
    0.9531772575250836,
    0.9565217391304348,
    0.959866220735786,
    0.9632107023411371,
    0.9665551839464883,
    0.9698996655518395,
    0.9732441471571907,
    0.9765886287625418,
    0.979933110367893,
    0.9832775919732442,
    0.9866220735785953,
    0.9899665551839465,
    0.9933110367892977,
    0.9966555183946488,
    1.0
  ],
  "a_mean": 0.100421,
  "b_mean": 0.120781,
  "a_prob_best": 0.094,
  "b_prob_best": 0.906,
  "a_expected_loss": 0.166991,
  "b_expected_loss": 0.005123,
  "diff_x": [
    -0.02630694773513295,
    -0.02534970205225743,
    -0.024392456369381903,
    -0.023435210686506378,
    -0.022477965003630855,
    -0.021520719320755333,
    -0.020563473637879807,
    -0.01960622795500428,
    -0.01864898227212876,
    -0.017691736589253236,
    -0.01673449090637771,
    -0.015777245223502184,
    -0.014819999540626662,
    -0.013862753857751138,
    -0.012905508174875614,
    -0.01194826249200009,
    -0.010991016809124565,
    -0.010033771126249043,
    -0.009076525443373517,
    -0.008119279760497991,
    -0.007162034077622469,
    -0.006204788394746946,
    -0.00524754271187142,
    -0.0042902970289958944,
    -0.003333051346120372,
    -0.0023758056632448496,
    -0.0014185599803693237,
    -0.0004613142974937978,
    0.0004959313853817246,
    0.001453177068257247,
    0.002410422751132773,
    0.003367668434008299,
    0.004324914116883821,
    0.005282159799759344,
    0.006239405482634866,
    0.007196651165510395,
    0.008153896848385918,
    0.00911114253126144,
    0.01006838821413697,
    0.011025633897012492,
    0.011982879579888014,
    0.012940125262763537,
    0.01389737094563906,
    0.014854616628514589,
    0.01581186231139011,
    0.016769107994265633,
    0.017726353677141163,
    0.018683599360016685,
    0.019640845042892208,
    0.02059809072576773,
    0.021555336408643253,
    0.022512582091518782,
    0.023469827774394304,
    0.024427073457269827,
    0.025384319140145356,
    0.02634156482302088,
    0.0272988105058964,
    0.028256056188771923,
    0.029213301871647446,
    0.030170547554522975,
    0.031127793237398498,
    0.03208503892027402,
    0.03304228460314955,
    0.03399953028602507,
    0.034956775968900594,
    0.03591402165177612,
    0.03687126733465164,
    0.03782851301752717,
    0.038785758700402684,
    0.03974300438327821,
    0.04070025006615374,
    0.04165749574902926,
    0.04261474143190479,
    0.04357198711478032,
    0.04452923279765583,
    0.04548647848053136,
    0.04644372416340689,
    0.047400969846282406,
    0.048358215529157936,
    0.04931546121203345,
    0.05027270689490898,
    0.05122995257778451,
    0.052187198260660025,
    0.053144443943535555,
    0.05410168962641107,
    0.0550589353092866,
    0.05601618099216213,
    0.056973426675037644,
    0.057930672357913174,
    0.0588879180407887,
    0.05984516372366422,
    0.06080240940653975,
    0.06175965508941528,
    0.06271690077229079,
    0.06367414645516632,
    0.06463139213804184,
    0.06558863782091737,
    0.0665458835037929,
    0.06750312918666841,
    0.06846037486954394
  ],
  "diff_distribution": [
    0.011759319371346673,
    0.014284501880302211,
    0.017055858406463464,
    0.020097428444649627,
    0.023432863814326167,
    0.02707843302809096,
    0.031046302479266676,
    0.035360291068950354,
    0.04008148482919576,
    0.04533819292615518,
    0.05135358970678349,
    0.05846323564610634,
    0.06711272538593643,
    0.07782498537053986,
    0.0911308598617545,
    0.10746740222250749,
    0.12706306401550443,
    0.1498411401954152,
    0.17537544915265144,
    0.20292222957120445,
    0.2315324026462477,
    0.2602259165448118,
    0.2881926988235753,
    0.3149772710486021,
    0.3406059004447567,
    0.36562293965932036,
    0.3910146359282245,
    0.4180160173105251,
    0.4478232211739754,
    0.4812688546409924,
    0.5185499852259637,
    0.559106398197432,
    0.6017131081787853,
    0.6447773686433936,
    0.6867449071039924,
    0.7264667383895366,
    0.763390190638811,
    0.797515162709082,
    0.8291612332237077,
    0.8586690579820285,
    0.886172146678037,
    0.9115211582266677,
    0.934356301198619,
    0.9542526788035841,
    0.9708443373908118,
    0.9838700976804912,
    0.993149968772264,
    0.9985507617331706,
    1.0,
    0.9975586757621931,
    0.9915020129746861,
    0.9823312229492865,
    0.9706723069992115,
    0.9570897642331946,
    0.9419021715610009,
    0.9250900391441728,
    0.9063331090061799,
    0.8851447316387863,
    0.8610329972487613,
    0.8336299218838,
    0.8027699679978891,
    0.7685305998250893,
    0.7312502649117327,
    0.6915223551806345,
    0.6501513892722605,
    0.6080645351712268,
    0.5661917710328896,
    0.5253441012958924,
    0.48611979506434283,
    0.44885656602140356,
    0.41363436933263986,
    0.3803264420689781,
    0.3486926174420873,
    0.31850113698234156,
    0.2896509510940905,
    0.2622540049335318,
    0.23663925961586724,
    0.21326366369783004,
    0.19255254030491106,
    0.1747246762394242,
    0.15966813476910696,
    0.14691539769016107,
    0.1357294216366558,
    0.1252726627550631,
    0.11480490463493184,
    0.10385044650918558,
    0.09228927245618013,
    0.08035264915407012,
    0.06853181306894499,
    0.057430858235160906,
    0.047606381735082776,
    0.0394353135252605,
    0.03304061772527652,
    0.028286614950814106,
    0.024836783818554926,
    0.02225178239002433,
    0.02009753436662814,
    0.018034200082459394,
    0.015865990315094444,
    0.013545806979172008
  ],
  "a_hist": [
    0.0,
    0.0,
    0.0,
    0.0,
    0.0,
    0.0,
    0.0,
    0.0,
    0.0,
    0.0,
    0.0,
    0.0,
    0.0,
    0.0,
    0.0,
    0.0,
    0.0,
    0.0,
    0.0,
    0.30000000000000054,
    0.2999999999999993,
    0.30000000000000054,
    1.4999999999999967,
    2.100000000000004,
    6.299999999999986,
    12.000000000000021,
    21.89999999999995,
    25.20000000000005,
    39.599999999999916,
    44.10000000000008,
    38.999999999999915,
    32.40000000000006,
    24.600000000000048,
    16.499999999999964,
    12.900000000000023,
    9.299999999999978,
    6.000000000000011,
    3.2999999999999923,
    1.5000000000000027,
    0.6000000000000011,
    0.29999999999999805,
    0.0,
    0.0,
    0.0,
    0.0,
    0.0,
    0.0,
    0.0,
    0.0,
    0.0,
    0.0,
    0.0,
    0.0,
    0.0,
    0.0,
    0.0,
    0.0,
    0.0,
    0.0,
    0.0,
    0.0,
    0.0,
    0.0,
    0.0,
    0.0,
    0.0,
    0.0,
    0.0,
    0.0,
    0.0,
    0.0,
    0.0,
    0.0,
    0.0,
    0.0,
    0.0,
    0.0,
    0.0,
    0.0,
    0.0,
    0.0,
    0.0,
    0.0,
    0.0,
    0.0,
    0.0,
    0.0,
    0.0,
    0.0,
    0.0,
    0.0,
    0.0,
    0.0,
    0.0,
    0.0,
    0.0,
    0.0,
    0.0,
    0.0,
    0.0,
    0.0,
    0.0,
    0.0,
    0.0,
    0.0,
    0.0,
    0.0,
    0.0,
    0.0,
    0.0,
    0.0,
    0.0,
    0.0,
    0.0,
    0.0,
    0.0,
    0.0,
    0.0,
    0.0,
    0.0,
    0.0,
    0.0,
    0.0,
    0.0,
    0.0,
    0.0,
    0.0,
    0.0,
    0.0,
    0.0,
    0.0,
    0.0,
    0.0,
    0.0,
    0.0,
    0.0,
    0.0,
    0.0,
    0.0,
    0.0,
    0.0,
    0.0,
    0.0,
    0.0,
    0.0,
    0.0,
    0.0,
    0.0,
    0.0,
    0.0,
    0.0,
    0.0,
    0.0,
    0.0,
    0.0,
    0.0,
    0.0,
    0.0,
    0.0,
    0.0,
    0.0,
    0.0,
    0.0,
    0.0,
    0.0,
    0.0,
    0.0,
    0.0,
    0.0,
    0.0,
    0.0,
    0.0,
    0.0,
    0.0,
    0.0,
    0.0,
    0.0,
    0.0,
    0.0,
    0.0,
    0.0,
    0.0,
    0.0,
    0.0,
    0.0,
    0.0,
    0.0,
    0.0,
    0.0,
    0.0,
    0.0,
    0.0,
    0.0,
    0.0,
    0.0,
    0.0,
    0.0,
    0.0,
    0.0,
    0.0,
    0.0,
    0.0,
    0.0,
    0.0,
    0.0,
    0.0,
    0.0,
    0.0,
    0.0,
    0.0,
    0.0,
    0.0,
    0.0,
    0.0,
    0.0,
    0.0,
    0.0,
    0.0,
    0.0,
    0.0,
    0.0,
    0.0,
    0.0,
    0.0,
    0.0,
    0.0,
    0.0,
    0.0,
    0.0,
    0.0,
    0.0,
    0.0,
    0.0,
    0.0,
    0.0,
    0.0,
    0.0,
    0.0,
    0.0,
    0.0,
    0.0,
    0.0,
    0.0,
    0.0,
    0.0,
    0.0,
    0.0,
    0.0,
    0.0,
    0.0,
    0.0,
    0.0,
    0.0,
    0.0,
    0.0,
    0.0,
    0.0,
    0.0,
    0.0,
    0.0,
    0.0,
    0.0,
    0.0,
    0.0,
    0.0,
    0.0,
    0.0,
    0.0,
    0.0,
    0.0,
    0.0,
    0.0,
    0.0,
    0.0,
    0.0,
    0.0,
    0.0,
    0.0,
    0.0,
    0.0,
    0.0,
    0.0,
    0.0,
    0.0,
    0.0,
    0.0,
    0.0,
    0.0,
    0.0,
    0.0,
    0.0,
    0.0,
    0.0,
    0.0,
    0.0,
    0.0,
    0.0,
    0.0,
    0.0,
    0.0
  ],
  "b_hist": [
    0.0,
    0.0,
    0.0,
    0.0,
    0.0,
    0.0,
    0.0,
    0.0,
    0.0,
    0.0,
    0.0,
    0.0,
    0.0,
    0.0,
    0.0,
    0.0,
    0.0,
    0.0,
    0.0,
    0.0,
    0.0,
    0.0,
    0.0,
    0.0,
    0.0,
    0.0,
    0.2999999999999993,
    1.2000000000000022,
    2.6999999999999935,
    4.200000000000008,
    8.39999999999998,
    13.500000000000025,
    19.200000000000035,
    26.69999999999994,
    31.20000000000006,
    40.49999999999991,
    33.000000000000064,
    33.89999999999992,
    22.800000000000043,
    19.800000000000036,
    16.79999999999989,
    11.400000000000022,
    6.000000000000011,
    3.9000000000000075,
    2.3999999999999844,
    1.5000000000000027,
    0.6000000000000011,
    0.0,
    0.0,
    0.0,
    0.0,
    0.0,
    0.0,
    0.0,
    0.0,
    0.0,
    0.0,
    0.0,
    0.0,
    0.0,
    0.0,
    0.0,
    0.0,
    0.0,
    0.0,
    0.0,
    0.0,
    0.0,
    0.0,
    0.0,
    0.0,
    0.0,
    0.0,
    0.0,
    0.0,
    0.0,
    0.0,
    0.0,
    0.0,
    0.0,
    0.0,
    0.0,
    0.0,
    0.0,
    0.0,
    0.0,
    0.0,
    0.0,
    0.0,
    0.0,
    0.0,
    0.0,
    0.0,
    0.0,
    0.0,
    0.0,
    0.0,
    0.0,
    0.0,
    0.0,
    0.0,
    0.0,
    0.0,
    0.0,
    0.0,
    0.0,
    0.0,
    0.0,
    0.0,
    0.0,
    0.0,
    0.0,
    0.0,
    0.0,
    0.0,
    0.0,
    0.0,
    0.0,
    0.0,
    0.0,
    0.0,
    0.0,
    0.0,
    0.0,
    0.0,
    0.0,
    0.0,
    0.0,
    0.0,
    0.0,
    0.0,
    0.0,
    0.0,
    0.0,
    0.0,
    0.0,
    0.0,
    0.0,
    0.0,
    0.0,
    0.0,
    0.0,
    0.0,
    0.0,
    0.0,
    0.0,
    0.0,
    0.0,
    0.0,
    0.0,
    0.0,
    0.0,
    0.0,
    0.0,
    0.0,
    0.0,
    0.0,
    0.0,
    0.0,
    0.0,
    0.0,
    0.0,
    0.0,
    0.0,
    0.0,
    0.0,
    0.0,
    0.0,
    0.0,
    0.0,
    0.0,
    0.0,
    0.0,
    0.0,
    0.0,
    0.0,
    0.0,
    0.0,
    0.0,
    0.0,
    0.0,
    0.0,
    0.0,
    0.0,
    0.0,
    0.0,
    0.0,
    0.0,
    0.0,
    0.0,
    0.0,
    0.0,
    0.0,
    0.0,
    0.0,
    0.0,
    0.0,
    0.0,
    0.0,
    0.0,
    0.0,
    0.0,
    0.0,
    0.0,
    0.0,
    0.0,
    0.0,
    0.0,
    0.0,
    0.0,
    0.0,
    0.0,
    0.0,
    0.0,
    0.0,
    0.0,
    0.0,
    0.0,
    0.0,
    0.0,
    0.0,
    0.0,
    0.0,
    0.0,
    0.0,
    0.0,
    0.0,
    0.0,
    0.0,
    0.0,
    0.0,
    0.0,
    0.0,
    0.0,
    0.0,
    0.0,
    0.0,
    0.0,
    0.0,
    0.0,
    0.0,
    0.0,
    0.0,
    0.0,
    0.0,
    0.0,
    0.0,
    0.0,
    0.0,
    0.0,
    0.0,
    0.0,
    0.0,
    0.0,
    0.0,
    0.0,
    0.0,
    0.0,
    0.0,
    0.0,
    0.0,
    0.0,
    0.0,
    0.0,
    0.0,
    0.0,
    0.0,
    0.0,
    0.0,
    0.0,
    0.0,
    0.0,
    0.0,
    0.0,
    0.0,
    0.0,
    0.0,
    0.0,
    0.0,
    0.0,
    0.0,
    0.0,
    0.0,
    0.0,
    0.0,
    0.0,
    0.0,
    0.0,
    0.0,
    0.0,
    0.0,
    0.0,
    0.0,
    0.0,
    0.0,
    0.0,
    0.0,
    0.0,
    0.0,
    0.0
  ],
  "x_hist": [
    0.0016666666666666668,
    0.005,
    0.008333333333333333,
    0.011666666666666667,
    0.015,
    0.018333333333333333,
    0.021666666666666667,
    0.025,
    0.028333333333333335,
    0.03166666666666667,
    0.035,
    0.03833333333333333,
    0.04166666666666667,
    0.045,
    0.04833333333333334,
    0.051666666666666666,
    0.05500000000000001,
    0.058333333333333334,
    0.061666666666666675,
    0.065,
    0.06833333333333333,
    0.07166666666666667,
    0.07500000000000001,
    0.07833333333333334,
    0.08166666666666667,
    0.085,
    0.08833333333333335,
    0.09166666666666667,
    0.095,
    0.09833333333333334,
    0.10166666666666668,
    0.10500000000000001,
    0.10833333333333334,
    0.11166666666666666,
    0.115,
    0.11833333333333335,
    0.12166666666666667,
    0.125,
    0.12833333333333335,
    0.13166666666666665,
    0.135,
    0.13833333333333336,
    0.14166666666666666,
    0.14500000000000002,
    0.14833333333333334,
    0.15166666666666667,
    0.15500000000000003,
    0.15833333333333333,
    0.16166666666666668,
    0.165,
    0.16833333333333333,
    0.1716666666666667,
    0.175,
    0.17833333333333334,
    0.1816666666666667,
    0.185,
    0.18833333333333335,
    0.19166666666666668,
    0.195,
    0.19833333333333336,
    0.20166666666666666,
    0.20500000000000002,
    0.20833333333333337,
    0.21166666666666667,
    0.21500000000000002,
    0.21833333333333332,
    0.22166666666666668,
    0.22500000000000003,
    0.22833333333333333,
    0.2316666666666667,
    0.23500000000000001,
    0.23833333333333334,
    0.2416666666666667,
    0.245,
    0.24833333333333335,
    0.2516666666666667,
    0.255,
    0.25833333333333336,
    0.2616666666666667,
    0.265,
    0.2683333333333333,
    0.2716666666666667,
    0.275,
    0.2783333333333333,
    0.2816666666666667,
    0.28500000000000003,
    0.28833333333333333,
    0.2916666666666667,
    0.29500000000000004,
    0.29833333333333334,
    0.3016666666666667,
    0.30500000000000005,
    0.30833333333333335,
    0.31166666666666665,
    0.31500000000000006,
    0.31833333333333336,
    0.32166666666666666,
    0.325,
    0.32833333333333337,
    0.33166666666666667,
    0.335,
    0.3383333333333334,
    0.3416666666666667,
    0.34500000000000003,
    0.3483333333333334,
    0.3516666666666667,
    0.355,
    0.3583333333333334,
    0.3616666666666667,
    0.365,
    0.3683333333333334,
    0.3716666666666667,
    0.375,
    0.37833333333333335,
    0.3816666666666667,
    0.385,
    0.38833333333333336,
    0.3916666666666667,
    0.395,
    0.3983333333333333,
    0.4016666666666667,
    0.405,
    0.4083333333333333,
    0.41166666666666674,
    0.41500000000000004,
    0.41833333333333333,
    0.4216666666666667,
    0.42500000000000004,
    0.42833333333333334,
    0.4316666666666667,
    0.43500000000000005,
    0.43833333333333335,
    0.44166666666666665,
    0.44500000000000006,
    0.44833333333333336,
    0.45166666666666666,
    0.45500000000000007,
    0.45833333333333337,
    0.46166666666666667,
    0.465,
    0.4683333333333334,
    0.4716666666666667,
    0.47500000000000003,
    0.4783333333333334,
    0.4816666666666667,
    0.485,
    0.4883333333333334,
    0.4916666666666667,
    0.495,
    0.49833333333333335,
    0.5016666666666667,
    0.5050000000000001,
    0.5083333333333333,
    0.5116666666666667,
    0.5150000000000001,
    0.5183333333333333,
    0.5216666666666667,
    0.525,
    0.5283333333333333,
    0.5316666666666667,
    0.535,
    0.5383333333333333,
    0.5416666666666667,
    0.545,
    0.5483333333333333,
    0.5516666666666667,
    0.555,
    0.5583333333333333,
    0.5616666666666668,
    0.565,
    0.5683333333333334,
    0.5716666666666668,
    0.575,
    0.5783333333333334,
    0.5816666666666668,
    0.585,
    0.5883333333333334,
    0.5916666666666668,
    0.595,
    0.5983333333333334,
    0.6016666666666668,
    0.605,
    0.6083333333333334,
    0.6116666666666667,
    0.615,
    0.6183333333333334,
    0.6216666666666667,
    0.625,
    0.6283333333333334,
    0.6316666666666667,
    0.635,
    0.6383333333333334,
    0.6416666666666667,
    0.645,
    0.6483333333333334,
    0.6516666666666666,
    0.655,
    0.6583333333333334,
    0.6616666666666666,
    0.665,
    0.6683333333333334,
    0.6716666666666666,
    0.675,
    0.6783333333333335,
    0.6816666666666666,
    0.685,
    0.6883333333333335,
    0.6916666666666667,
    0.6950000000000001,
    0.6983333333333334,
    0.7016666666666667,
    0.7050000000000001,
    0.7083333333333334,
    0.7116666666666667,
    0.7150000000000001,
    0.7183333333333334,
    0.7216666666666667,
    0.7250000000000001,
    0.7283333333333334,
    0.7316666666666667,
    0.7350000000000001,
    0.7383333333333334,
    0.7416666666666667,
    0.7450000000000001,
    0.7483333333333333,
    0.7516666666666667,
    0.7550000000000001,
    0.7583333333333333,
    0.7616666666666667,
    0.7650000000000001,
    0.7683333333333333,
    0.7716666666666667,
    0.7750000000000001,
    0.7783333333333333,
    0.7816666666666667,
    0.7850000000000001,
    0.7883333333333333,
    0.7916666666666667,
    0.795,
    0.7983333333333333,
    0.8016666666666667,
    0.805,
    0.8083333333333333,
    0.8116666666666668,
    0.8150000000000001,
    0.8183333333333334,
    0.8216666666666668,
    0.8250000000000001,
    0.8283333333333334,
    0.8316666666666668,
    0.835,
    0.8383333333333334,
    0.8416666666666668,
    0.845,
    0.8483333333333334,
    0.8516666666666668,
    0.855,
    0.8583333333333334,
    0.8616666666666668,
    0.865,
    0.8683333333333334,
    0.8716666666666668,
    0.875,
    0.8783333333333334,
    0.8816666666666667,
    0.885,
    0.8883333333333334,
    0.8916666666666667,
    0.895,
    0.8983333333333334,
    0.9016666666666667,
    0.905,
    0.9083333333333334,
    0.9116666666666667,
    0.915,
    0.9183333333333334,
    0.9216666666666666,
    0.925,
    0.9283333333333335,
    0.9316666666666666,
    0.935,
    0.9383333333333335,
    0.9416666666666667,
    0.9450000000000001,
    0.9483333333333335,
    0.9516666666666667,
    0.9550000000000001,
    0.9583333333333335,
    0.9616666666666667,
    0.9650000000000001,
    0.9683333333333334,
    0.9716666666666667,
    0.9750000000000001,
    0.9783333333333334,
    0.9816666666666667,
    0.9850000000000001,
    0.9883333333333334,
    0.9916666666666667,
    0.9950000000000001,
    0.9983333333333333
  ]
}
